time,symbol,close,signal,confidence,reason,would_entry,would_stop,would_target,would_shares,would_risk,order_submitted
2026-07-21T15:14:00+00:00,AMD,535.63,HOLD,0.034,"[HOLD conf=0.03] ORB=BUY(0.50), VWAP=SELL(0.67), EMA=HOLD(0.00) [VETOED: long_only mode]",,,,,,False
2026-07-21T15:14:00+00:00,WMT,110.55,HOLD,0.023,"[HOLD conf=0.02] ORB=SELL(0.53), VWAP=BUY(0.54), EMA=HOLD(0.00) [VETOED: long_only mode]",,,,,,False
2026-07-21T15:14:00+00:00,AMZN,247.38,HOLD,0.199,"[HOLD conf=0.20] ORB=HOLD(0.00), VWAP=SELL(0.57), EMA=HOLD(0.00) [VETOED: long_only mode]",,,,,,False
2026-07-21T15:14:00+00:00,GOOGL,348.6,HOLD,0.231,"[HOLD conf=0.23] ORB=HOLD(0.00), VWAP=SELL(0.66), EMA=HOLD(0.00) [VETOED: long_only mode]",,,,,,False
2026-07-21T15:14:00+00:00,META,647.53,HOLD,0.164,"[HOLD conf=0.16] ORB=HOLD(0.00), VWAP=BUY(0.47), EMA=HOLD(0.00)",,,,,,False
2026-07-21T15:14:00+00:00,PYPL,55.74,HOLD,0.308,"[HOLD conf=0.31] ORB=HOLD(0.00), VWAP=BUY(0.88), EMA=HOLD(0.00)",,,,,,False
2026-07-21T15:14:00+00:00,SCHW,102.37,HOLD,0.182,"[HOLD conf=0.18] ORB=HOLD(0.00), VWAP=SELL(0.52), EMA=HOLD(0.00) [VETOED: long_only mode]",,,,,,False
2026-07-21T15:14:00+00:00,TSLA,382.075,HOLD,0.238,"[HOLD conf=0.24] ORB=HOLD(0.00), VWAP=BUY(0.68), EMA=HOLD(0.00) [VETOED: RSI overbought (71.4)]",,,,,,False
2026-07-21T15:14:00+00:00,NFLX,67.69,HOLD,0.227,"[HOLD conf=0.23] ORB=HOLD(0.00), VWAP=SELL(0.65), EMA=HOLD(0.00) [VETOED: long_only mode]",,,,,,False
2026-07-21T15:14:00+00:00,MU,953.49,HOLD,0.047,"[HOLD conf=0.05] ORB=BUY(0.59), VWAP=SELL(0.54), EMA=HOLD(0.00) [VETOED: RSI overbought (84.6)]",,,,,,False
2026-07-21T15:14:00+00:00,CMG,33.57,HOLD,0.093,"[HOLD conf=0.09] ORB=BUY(0.51), VWAP=SELL(0.85), EMA=HOLD(0.00) [VETOED: long_only mode]",,,,,,False
2026-07-21T15:14:00+00:00,ABT,100.81,HOLD,0.227,"[HOLD conf=0.23] ORB=HOLD(0.00), VWAP=SELL(0.65), EMA=HOLD(0.00) [VETOED: long_only mode]",,,,,,False
2026-07-21T15:14:00+00:00,FAST,44.56,HOLD,0.22,"[HOLD conf=0.22] ORB=HOLD(0.00), VWAP=BUY(0.63), EMA=HOLD(0.00)",,,,,,False
2026-07-21T15:14:00+00:00,KO,81.995,HOLD,0.214,"[HOLD conf=0.21] ORB=HOLD(0.00), VWAP=BUY(0.61), EMA=HOLD(0.00)",,,,,,False
2026-07-21T15:19:00+00:00,AMZN,247.985,HOLD,0.227,"[HOLD conf=0.23] ORB=HOLD(0.00), VWAP=BUY(0.65), EMA=HOLD(0.00)",,,,,,False
2026-07-21T15:19:00+00:00,FAST,44.625,HOLD,0.241,"[HOLD conf=0.24] ORB=HOLD(0.00), VWAP=BUY(0.69), EMA=HOLD(0.00)",,,,,,False
2026-07-21T15:19:00+00:00,FCX,61.98,HOLD,0.052,"[HOLD conf=0.05] ORB=BUY(0.56), VWAP=SELL(0.79), EMA=HOLD(0.00) [VETOED: long_only mode]",,,,,,False
2026-07-21T15:19:00+00:00,ABT,100.98,HOLD,0.199,"[HOLD conf=0.20] ORB=HOLD(0.00), VWAP=SELL(0.57), EMA=HOLD(0.00) [VETOED: long_only mode]",,,,,,False
2026-07-21T15:19:00+00:00,GOOGL,348.435,HOLD,0.178,"[HOLD conf=0.18] ORB=HOLD(0.00), VWAP=BUY(0.51), EMA=HOLD(0.00)",,,,,,False
2026-07-21T15:19:00+00:00,TSLA,382.0,HOLD,0.234,"[HOLD conf=0.23] ORB=HOLD(0.00), VWAP=BUY(0.67), EMA=HOLD(0.00)",,,,,,False
2026-07-21T15:19:00+00:00,WMT,110.72,HOLD,0.224,"[HOLD conf=0.22] ORB=HOLD(0.00), VWAP=SELL(0.64), EMA=HOLD(0.00) [VETOED: long_only mode]",,,,,,False
2026-07-21T15:19:00+00:00,AMD,534.0,HOLD,0.234,"[HOLD conf=0.23] ORB=HOLD(0.00), VWAP=BUY(0.67), EMA=HOLD(0.00) [VETOED: RSI overbought (73.9)]",,,,,,False
2026-07-21T15:19:00+00:00,KO,82.17,HOLD,0.061,"[HOLD conf=0.06] ORB=BUY(0.52), VWAP=SELL(0.77), EMA=HOLD(0.00) [VETOED: long_only mode]",,,,,,False
2026-07-21T15:19:00+00:00,PYPL,55.78,HOLD,0.262,"[HOLD conf=0.26] ORB=HOLD(0.00), VWAP=BUY(0.75), EMA=HOLD(0.00)",,,,,,False
2026-07-21T15:19:00+00:00,CMG,33.52,HOLD,0.234,"[HOLD conf=0.23] ORB=HOLD(0.00), VWAP=SELL(0.67), EMA=HOLD(0.00) [VETOED: long_only mode]",,,,,,False
2026-07-21T15:19:00+00:00,META,646.86,HOLD,0.227,"[HOLD conf=0.23] ORB=HOLD(0.00), VWAP=SELL(0.65), EMA=HOLD(0.00) [VETOED: long_only mode]",,,,,,False
2026-07-21T15:19:00+00:00,MDLZ,59.78,HOLD,0.224,"[HOLD conf=0.22] ORB=HOLD(0.00), VWAP=BUY(0.64), EMA=HOLD(0.00)",,,,,,False
2026-07-21T15:19:00+00:00,LRCX,321.68,HOLD,0.22,"[HOLD conf=0.22] ORB=HOLD(0.00), VWAP=BUY(0.63), EMA=HOLD(0.00) [VETOED: RSI overbought (74.6)]",,,,,,False
2026-07-21T15:19:00+00:00,XOM,150.86,HOLD,0.186,"[HOLD conf=0.19] ORB=HOLD(0.00), VWAP=SELL(0.53), EMA=HOLD(0.00) [VETOED: long_only mode]",,,,,,False
2026-07-21T15:19:00+00:00,MU,954.05,HOLD,0.062,"[HOLD conf=0.06] ORB=BUY(0.60), VWAP=SELL(0.51), EMA=HOLD(0.00) [VETOED: RSI overbought (95.6)]",,,,,,False
2026-07-21T15:19:00+00:00,NFLX,67.68,HOLD,0.168,"[HOLD conf=0.17] ORB=HOLD(0.00), VWAP=SELL(0.48), EMA=HOLD(0.00) [VETOED: long_only mode]",,,,,,False
2026-07-21T15:19:00+00:00,MDT,82.6,HOLD,0.182,"[HOLD conf=0.18] ORB=HOLD(0.00), VWAP=BUY(0.52), EMA=HOLD(0.00)",,,,,,False
2026-07-21T15:19:00+00:00,SCHW,102.595,HOLD,0.227,"[HOLD conf=0.23] ORB=HOLD(0.00), VWAP=BUY(0.65), EMA=HOLD(0.00)",,,,,,False
2026-07-21T15:24:00+00:00,NFLX,67.62,HOLD,0.364,"[HOLD conf=0.36] ORB=HOLD(0.00), VWAP=SELL(0.54), EMA=SELL(0.70) [VETOED: long_only mode]",,,,,,False
2026-07-21T15:24:00+00:00,FCX,62.02,HOLD,0.045,"[HOLD conf=0.04] ORB=BUY(0.57), VWAP=SELL(0.78), EMA=HOLD(0.00) [VETOED: long_only mode]",,,,,,False
2026-07-21T15:24:00+00:00,META,647.175,HOLD,0.062,"[HOLD conf=0.06] ORB=HOLD(0.00), VWAP=SELL(0.47), EMA=BUY(0.41) [VETOED: long_only mode]",,,,,,False
2026-07-21T15:24:00+00:00,FAST,44.625,HOLD,0.379,"[HOLD conf=0.38] ORB=HOLD(0.00), VWAP=BUY(0.67), EMA=BUY(0.58)",,,,,,False
2026-07-21T15:24:00+00:00,KO,82.285,HOLD,0.038,"[HOLD conf=0.04] ORB=BUY(0.56), VWAP=SELL(0.91), EMA=BUY(0.53) [VETOED: RSI overbought (71.1)]",,,,,,False
2026-07-21T15:24:00+00:00,CMG,33.43,HOLD,0.38,"[HOLD conf=0.38] ORB=HOLD(0.00), VWAP=BUY(0.62), EMA=BUY(0.65)",,,,,,False
2026-07-21T15:24:00+00:00,MDT,82.52,HOLD,0.164,"[HOLD conf=0.16] ORB=HOLD(0.00), VWAP=BUY(0.47), EMA=HOLD(0.00)",,,,,,False
2026-07-21T15:24:00+00:00,MU,955.91,HOLD,0.228,"[HOLD conf=0.23] ORB=BUY(0.62), VWAP=SELL(0.52), EMA=BUY(0.65) [VETOED: RSI overbought (95.4)]",,,,,,False
2026-07-21T15:24:00+00:00,ABT,100.98,HOLD,0.328,"[HOLD conf=0.33] ORB=HOLD(0.00), VWAP=SELL(0.56), EMA=SELL(0.53) [VETOED: long_only mode]",,,,,,False
2026-07-21T15:24:00+00:00,WMT,110.78,HOLD,0.36,"[HOLD conf=0.36] ORB=HOLD(0.00), VWAP=SELL(0.62), EMA=SELL(0.57) [VETOED: long_only mode]",,,,,,False
2026-07-21T15:24:00+00:00,AMD,534.84,HOLD,0.408,"[HOLD conf=0.41] ORB=HOLD(0.00), VWAP=BUY(0.70), EMA=BUY(0.65) [VETOED: RSI overbought (70.7)]",,,,,,False
2026-07-21T15:24:00+00:00,XOM,151.085,HOLD,0.047,"[HOLD conf=0.05] ORB=BUY(0.52), VWAP=SELL(0.73), EMA=HOLD(0.00) [VETOED: long_only mode]",,,,,,False
2026-07-21T15:24:00+00:00,AMZN,248.045,HOLD,0.091,"[HOLD conf=0.09] ORB=HOLD(0.00), VWAP=BUY(0.56), EMA=SELL(0.42)",,,,,,False
2026-07-21T15:24:00+00:00,SCHW,102.1,HOLD,0.402,"[HOLD conf=0.40] ORB=HOLD(0.00), VWAP=SELL(0.65), EMA=SELL(0.70) [VETOED: long_only mode]",,,,,,False
2026-07-21T15:24:00+00:00,MDLZ,59.67,HOLD,0.192,"[HOLD conf=0.19] ORB=HOLD(0.00), VWAP=BUY(0.55), EMA=HOLD(0.00)",,,,,,False
2026-07-21T15:24:00+00:00,GOOGL,348.05,HOLD,0.115,"[HOLD conf=0.12] ORB=HOLD(0.00), VWAP=BUY(0.68), EMA=SELL(0.49)",,,,,,False
2026-07-21T15:24:00+00:00,PYPL,55.75,HOLD,0.131,"[HOLD conf=0.13] ORB=HOLD(0.00), VWAP=BUY(0.84), EMA=SELL(0.65)",,,,,,False
2026-07-21T15:24:00+00:00,C,132.52,HOLD,0.009,"[HOLD conf=0.01] ORB=BUY(0.52), VWAP=SELL(0.57), EMA=HOLD(0.00)",,,,,,False
2026-07-21T15:24:00+00:00,TSLA,380.99,HOLD,0.362,"[HOLD conf=0.36] ORB=HOLD(0.00), VWAP=BUY(0.57), EMA=BUY(0.65)",,,,,,False
2026-07-21T15:24:00+00:00,LRCX,321.61,HOLD,0.217,"[HOLD conf=0.22] ORB=HOLD(0.00), VWAP=BUY(0.62), EMA=HOLD(0.00) [VETOED: RSI overbought (84.1)]",,,,,,False
2026-07-21T15:29:00+00:00,XOM,151.3,HOLD,0.063,"[HOLD conf=0.06] ORB=BUY(0.55), VWAP=SELL(0.90), EMA=BUY(0.63)",,,,,,False
2026-07-21T15:29:00+00:00,WMT,110.735,HOLD,0.364,"[HOLD conf=0.36] ORB=HOLD(0.00), VWAP=SELL(0.64), EMA=SELL(0.56) [VETOED: long_only mode]",,,,,,False
2026-07-21T15:29:00+00:00,C,132.6,HOLD,0.008,"[HOLD conf=0.01] ORB=BUY(0.53), VWAP=SELL(0.63), EMA=HOLD(0.00) [VETOED: long_only mode]",,,,,,False
2026-07-21T15:29:00+00:00,NFLX,67.475,HOLD,0.348,"[HOLD conf=0.35] ORB=HOLD(0.00), VWAP=SELL(0.68), EMA=SELL(0.44) [VETOED: long_only mode]",,,,,,False
2026-07-21T15:29:00+00:00,META,647.88,HOLD,0.332,"[HOLD conf=0.33] ORB=HOLD(0.00), VWAP=BUY(0.65), EMA=BUY(0.42)",,,,,,False
2026-07-21T15:29:00+00:00,CMG,33.405,HOLD,0.352,"[HOLD conf=0.35] ORB=HOLD(0.00), VWAP=BUY(0.57), EMA=BUY(0.61)",,,,,,False
2026-07-21T15:29:00+00:00,MDT,82.515,HOLD,0.011,"[HOLD conf=0.01] ORB=HOLD(0.00), VWAP=BUY(0.47), EMA=SELL(0.70) [VETOED: long_only mode]",,,,,,False
2026-07-21T15:29:00+00:00,SCHW,102.425,HOLD,0.276,"[HOLD conf=0.28] ORB=HOLD(0.00), VWAP=SELL(0.49), EMA=SELL(0.42) [VETOED: long_only mode]",,,,,,False
2026-07-21T15:29:00+00:00,MDLZ,59.71,HOLD,0.098,"[HOLD conf=0.10] ORB=HOLD(0.00), VWAP=BUY(0.58), EMA=SELL(0.42)",,,,,,False
2026-07-21T15:29:00+00:00,AMZN,247.89,HOLD,0.07,"[HOLD conf=0.07] ORB=HOLD(0.00), VWAP=BUY(0.50), EMA=SELL(0.42)",,,,,,False
2026-07-21T15:29:00+00:00,LRCX,322.09,HOLD,0.386,"[HOLD conf=0.39] ORB=HOLD(0.00), VWAP=BUY(0.64), EMA=BUY(0.65) [VETOED: RSI overbought (82.0)]",,,,,,False
2026-07-21T15:29:00+00:00,GOOGL,347.835,HOLD,0.128,"[HOLD conf=0.13] ORB=HOLD(0.00), VWAP=BUY(0.73), EMA=SELL(0.51)",,,,,,False
2026-07-21T15:29:00+00:00,KO,82.265,HOLD,0.083,"[HOLD conf=0.08] ORB=BUY(0.56), VWAP=SELL(0.79), EMA=BUY(0.54)",,,,,,False
2026-07-21T15:29:00+00:00,AMD,534.75,HOLD,0.4,"[HOLD conf=0.40] ORB=HOLD(0.00), VWAP=BUY(0.68), EMA=BUY(0.65)",,,,,,False
2026-07-21T15:29:00+00:00,PYPL,55.765,HOLD,0.114,"[HOLD conf=0.11] ORB=HOLD(0.00), VWAP=BUY(0.79), EMA=SELL(0.65)",,,,,,False
2026-07-21T15:29:00+00:00,ABT,101.15,HOLD,0.299,"[HOLD conf=0.30] ORB=HOLD(0.00), VWAP=SELL(0.49), EMA=SELL(0.51) [VETOED: long_only mode]",,,,,,False
2026-07-21T15:29:00+00:00,FCX,61.985,HOLD,0.142,"[HOLD conf=0.14] ORB=BUY(0.56), VWAP=SELL(0.70), EMA=BUY(0.65)",,,,,,False
2026-07-21T15:29:00+00:00,TSLA,381.84,HOLD,0.39,"[HOLD conf=0.39] ORB=HOLD(0.00), VWAP=BUY(0.65), EMA=BUY(0.65)",,,,,,False
2026-07-21T15:29:00+00:00,FAST,44.65,HOLD,0.386,"[HOLD conf=0.39] ORB=HOLD(0.00), VWAP=BUY(0.69), EMA=BUY(0.58) [VETOED: RSI overbought (73.0)]",,,,,,False
2026-07-21T15:29:00+00:00,MU,955.61,HOLD,0.648,"[HOLD conf=0.65] ORB=BUY(0.61), VWAP=BUY(0.69), EMA=BUY(0.65) [VETOED: RSI overbought (94.5)]",,,,,,False
2026-07-21T15:34:00+00:00,TSLA,380.78,HOLD,0.352,"[HOLD conf=0.35] ORB=HOLD(0.00), VWAP=BUY(0.54), EMA=BUY(0.65)",,,,,,False
2026-07-21T15:34:00+00:00,XOM,151.25,HOLD,0.086,"[HOLD conf=0.09] ORB=BUY(0.54), VWAP=SELL(0.83), EMA=BUY(0.64)",,,,,,False
2026-07-21T15:34:00+00:00,SCHW,102.37,HOLD,0.286,"[HOLD conf=0.29] ORB=HOLD(0.00), VWAP=SELL(0.51), EMA=SELL(0.43) [VETOED: long_only mode]",,,,,,False
2026-07-21T15:34:00+00:00,FAST,44.67,HOLD,0.392,"[HOLD conf=0.39] ORB=HOLD(0.00), VWAP=BUY(0.70), EMA=BUY(0.59) [VETOED: RSI overbought (73.5)]",,,,,,False
2026-07-21T15:34:00+00:00,MDT,82.58,HOLD,0.35,"[HOLD conf=0.35] ORB=HOLD(0.00), VWAP=BUY(0.50), EMA=BUY(0.70)",,,,,,False
2026-07-21T15:34:00+00:00,PYPL,55.795,HOLD,0.084,"[HOLD conf=0.08] ORB=HOLD(0.00), VWAP=BUY(0.69), EMA=SELL(0.63)",,,,,,False
2026-07-21T15:34:00+00:00,AMZN,248.07,HOLD,0.099,"[HOLD conf=0.10] ORB=HOLD(0.00), VWAP=BUY(0.57), EMA=SELL(0.40)",,,,,,False
2026-07-21T15:34:00+00:00,CMG,33.36,HOLD,0.312,"[HOLD conf=0.31] ORB=HOLD(0.00), VWAP=BUY(0.50), EMA=BUY(0.55)",,,,,,False
2026-07-21T15:34:00+00:00,GOOGL,348.725,HOLD,0.312,"[HOLD conf=0.31] ORB=HOLD(0.00), VWAP=SELL(0.54), EMA=SELL(0.49) [VETOED: long_only mode]",,,,,,False
2026-07-21T15:34:00+00:00,NFLX,67.46,HOLD,0.348,"[HOLD conf=0.35] ORB=HOLD(0.00), VWAP=SELL(0.66), EMA=SELL(0.47) [VETOED: long_only mode]",,,,,,False
2026-07-21T15:34:00+00:00,MU,955.94,HOLD,0.652,"[HOLD conf=0.65] ORB=BUY(0.62), VWAP=BUY(0.69), EMA=BUY(0.65) [VETOED: RSI overbought (98.0)]",,,,,,False
2026-07-21T15:34:00+00:00,C,132.53,HOLD,0.182,"[HOLD conf=0.18] ORB=BUY(0.52), VWAP=SELL(0.54), EMA=BUY(0.65)",,,,,,False
2026-07-21T15:34:00+00:00,KO,82.13,HOLD,0.567,"[HOLD conf=0.57] ORB=BUY(0.50), VWAP=BUY(0.67), EMA=BUY(0.53)",,,,,,False
2026-07-21T15:34:00+00:00,MDLZ,59.67,HOLD,0.088,"[HOLD conf=0.09] ORB=HOLD(0.00), VWAP=BUY(0.55), EMA=SELL(0.42)",,,,,,False
2026-07-21T15:34:00+00:00,LRCX,320.895,HOLD,0.362,"[HOLD conf=0.36] ORB=HOLD(0.00), VWAP=BUY(0.57), EMA=BUY(0.65)",,,,,,False
2026-07-21T15:34:00+00:00,ABT,101.13,HOLD,0.294,"[HOLD conf=0.29] ORB=HOLD(0.00), VWAP=SELL(0.49), EMA=SELL(0.49) [VETOED: long_only mode]",,,,,,False
2026-07-21T15:34:00+00:00,META,648.25,HOLD,0.307,"[HOLD conf=0.31] ORB=HOLD(0.00), VWAP=BUY(0.57), EMA=BUY(0.43)",,,,,,False
2026-07-21T15:34:00+00:00,WMT,110.525,HOLD,0.167,"[HOLD conf=0.17] ORB=SELL(0.54), VWAP=BUY(0.54), EMA=SELL(0.56) [VETOED: long_only mode]",,,,,,False
2026-07-21T15:34:00+00:00,FCX,61.95,HOLD,0.155,"[HOLD conf=0.15] ORB=BUY(0.55), VWAP=SELL(0.65), EMA=BUY(0.65) [VETOED: RSI overbought (76.0)]",,,,,,False
2026-07-21T15:34:00+00:00,AMD,535.2,HOLD,0.4,"[HOLD conf=0.40] ORB=HOLD(0.00), VWAP=BUY(0.68), EMA=BUY(0.65)",,,,,,False
2026-07-21T15:39:00+00:00,CMG,33.37,HOLD,0.304,"[HOLD conf=0.30] ORB=HOLD(0.00), VWAP=BUY(0.51), EMA=BUY(0.50)",,,,,,False
2026-07-21T15:39:00+00:00,PYPL,55.83,HOLD,0.049,"[HOLD conf=0.05] ORB=HOLD(0.00), VWAP=BUY(0.57), EMA=SELL(0.60)",,,,,,False
2026-07-21T15:39:00+00:00,AMD,533.8,HOLD,0.376,"[HOLD conf=0.38] ORB=HOLD(0.00), VWAP=BUY(0.61), EMA=BUY(0.65)",,,,,,False
2026-07-21T15:39:00+00:00,MDLZ,59.67,HOLD,0.088,"[HOLD conf=0.09] ORB=HOLD(0.00), VWAP=BUY(0.55), EMA=SELL(0.42)",,,,,,False
2026-07-21T15:39:00+00:00,SCHW,102.26,HOLD,0.305,"[HOLD conf=0.30] ORB=HOLD(0.00), VWAP=SELL(0.55), EMA=SELL(0.45) [VETOED: long_only mode]",,,,,,False
2026-07-21T15:39:00+00:00,GOOGL,348.99,HOLD,0.278,"[HOLD conf=0.28] ORB=HOLD(0.00), VWAP=SELL(0.46), EMA=SELL(0.47) [VETOED: long_only mode]",,,,,,False
2026-07-21T15:39:00+00:00,FAST,44.665,HOLD,0.386,"[HOLD conf=0.39] ORB=HOLD(0.00), VWAP=BUY(0.69), EMA=BUY(0.58) [VETOED: RSI overbought (70.3)]",,,,,,False
2026-07-21T15:39:00+00:00,NFLX,67.43,HOLD,0.357,"[HOLD conf=0.36] ORB=HOLD(0.00), VWAP=SELL(0.67), EMA=SELL(0.49) [VETOED: long_only mode]",,,,,,False
2026-07-21T15:39:00+00:00,TSLA,380.855,HOLD,0.339,"[HOLD conf=0.34] ORB=HOLD(0.00), VWAP=BUY(0.54), EMA=BUY(0.60)",,,,,,False
2026-07-21T15:39:00+00:00,ABT,101.105,HOLD,0.298,"[HOLD conf=0.30] ORB=HOLD(0.00), VWAP=SELL(0.51), EMA=SELL(0.48) [VETOED: long_only mode]",,,,,,False
2026-07-21T15:39:00+00:00,LRCX,320.81,HOLD,0.359,"[HOLD conf=0.36] ORB=HOLD(0.00), VWAP=BUY(0.56), EMA=BUY(0.65)",,,,,,False
2026-07-21T15:39:00+00:00,FCX,61.99,HOLD,0.149,"[HOLD conf=0.15] ORB=BUY(0.56), VWAP=SELL(0.68), EMA=BUY(0.65) [VETOED: RSI overbought (76.8)]",,,,,,False
2026-07-21T15:39:00+00:00,KO,82.13,HOLD,0.564,"[HOLD conf=0.56] ORB=BUY(0.50), VWAP=BUY(0.67), EMA=BUY(0.52)",,,,,,False
2026-07-21T15:39:00+00:00,AMZN,247.92,HOLD,0.354,"[HOLD conf=0.35] ORB=HOLD(0.00), VWAP=BUY(0.51), EMA=BUY(0.70)",,,,,,False
2026-07-21T15:39:00+00:00,C,132.37,HOLD,0.586,"[HOLD conf=0.59] ORB=BUY(0.50), VWAP=BUY(0.64), EMA=BUY(0.65)",,,,,,False
2026-07-21T15:39:00+00:00,MU,952.86,HOLD,0.618,"[HOLD conf=0.62] ORB=BUY(0.58), VWAP=BUY(0.64), EMA=BUY(0.65) [VETOED: RSI overbought (88.9)]",,,,,,False
2026-07-21T15:39:00+00:00,WMT,110.49,HOLD,0.174,"[HOLD conf=0.17] ORB=SELL(0.55), VWAP=BUY(0.54), EMA=SELL(0.57) [VETOED: long_only mode]",,,,,,False
2026-07-21T15:39:00+00:00,XOM,151.36,HOLD,0.08,"[HOLD conf=0.08] ORB=BUY(0.56), VWAP=SELL(0.87), EMA=BUY(0.64)",,,,,,False
2026-07-21T15:39:00+00:00,MDT,82.565,HOLD,0.277,"[HOLD conf=0.28] ORB=HOLD(0.00), VWAP=BUY(0.50), EMA=BUY(0.41)",,,,,,False
2026-07-21T15:44:00+00:00,KO,82.06,HOLD,0.334,"[HOLD conf=0.33] ORB=HOLD(0.00), VWAP=BUY(0.59), EMA=BUY(0.51)",,,,,,False
2026-07-21T15:44:00+00:00,GOOGL,349.395,HOLD,0.117,"[HOLD conf=0.12] ORB=HOLD(0.00), VWAP=BUY(0.65), EMA=SELL(0.44)",,,,,,False
2026-07-21T15:44:00+00:00,CMG,33.4,HOLD,0.309,"[HOLD conf=0.31] ORB=HOLD(0.00), VWAP=BUY(0.54), EMA=BUY(0.48)",,,,,,False
2026-07-21T15:44:00+00:00,WMT,110.45,HOLD,0.173,"[HOLD conf=0.17] ORB=SELL(0.56), VWAP=BUY(0.56), EMA=SELL(0.58) [VETOED: long_only mode]",,,,,,False
2026-07-21T15:44:00+00:00,NFLX,67.355,HOLD,0.052,"[HOLD conf=0.05] ORB=HOLD(0.00), VWAP=BUY(0.52), EMA=SELL(0.52)",,,,,,False
2026-07-21T15:44:00+00:00,C,132.455,HOLD,0.601,"[HOLD conf=0.60] ORB=BUY(0.51), VWAP=BUY(0.67), EMA=BUY(0.65)",,,,,,False
2026-07-21T15:44:00+00:00,FCX,61.935,HOLD,0.166,"[HOLD conf=0.17] ORB=BUY(0.55), VWAP=SELL(0.62), EMA=BUY(0.65)",,,,,,False
2026-07-21T15:44:00+00:00,LRCX,320.1,HOLD,0.344,"[HOLD conf=0.34] ORB=HOLD(0.00), VWAP=BUY(0.52), EMA=BUY(0.65)",,,,,,False
2026-07-21T15:44:00+00:00,TSLA,380.98,HOLD,0.335,"[HOLD conf=0.34] ORB=HOLD(0.00), VWAP=BUY(0.55), EMA=BUY(0.57)",,,,,,False
2026-07-21T15:44:00+00:00,MDT,82.61,HOLD,0.287,"[HOLD conf=0.29] ORB=HOLD(0.00), VWAP=BUY(0.52), EMA=BUY(0.42)",,,,,,False
2026-07-21T15:44:00+00:00,PYPL,55.93,HOLD,0.343,"[HOLD conf=0.34] ORB=HOLD(0.00), VWAP=SELL(0.58), EMA=SELL(0.56) [VETOED: long_only mode]",,,,,,False
2026-07-21T15:44:00+00:00,XOM,151.405,HOLD,0.08,"[HOLD conf=0.08] ORB=BUY(0.56), VWAP=SELL(0.87), EMA=BUY(0.64)",,,,,,False
2026-07-21T15:44:00+00:00,META,648.3,HOLD,0.313,"[HOLD conf=0.31] ORB=HOLD(0.00), VWAP=BUY(0.58), EMA=BUY(0.44)",,,,,,False
2026-07-21T15:44:00+00:00,FAST,44.64,HOLD,0.373,"[HOLD conf=0.37] ORB=HOLD(0.00), VWAP=BUY(0.66), EMA=BUY(0.57)",,,,,,False
2026-07-21T15:44:00+00:00,AMZN,247.965,HOLD,0.282,"[HOLD conf=0.28] ORB=HOLD(0.00), VWAP=BUY(0.52), EMA=BUY(0.40)",,,,,,False
2026-07-21T15:44:00+00:00,AMD,533.91,HOLD,0.372,"[HOLD conf=0.37] ORB=HOLD(0.00), VWAP=BUY(0.60), EMA=BUY(0.65)",,,,,,False
2026-07-21T15:44:00+00:00,MU,950.63,HOLD,0.6,"[HOLD conf=0.60] ORB=BUY(0.56), VWAP=BUY(0.61), EMA=BUY(0.65) [VETOED: RSI overbought (79.1)]",,,,,,False
2026-07-21T15:44:00+00:00,MDLZ,59.68,HOLD,0.094,"[HOLD conf=0.09] ORB=HOLD(0.00), VWAP=BUY(0.56), EMA=SELL(0.41)",,,,,,False
2026-07-21T15:49:00+00:00,SCHW,102.25,HOLD,0.308,"[HOLD conf=0.31] ORB=HOLD(0.00), VWAP=SELL(0.55), EMA=SELL(0.46) [VETOED: long_only mode]",,,,,,False
2026-07-21T15:49:00+00:00,LRCX,321.055,HOLD,0.36,"[HOLD conf=0.36] ORB=HOLD(0.00), VWAP=BUY(0.57), EMA=BUY(0.64)",,,,,,False
2026-07-21T15:49:00+00:00,MDLZ,59.595,HOLD,0.066,"[HOLD conf=0.07] ORB=HOLD(0.00), VWAP=BUY(0.49), EMA=SELL(0.42)",,,,,,False
2026-07-21T15:49:00+00:00,WMT,110.345,HOLD,0.166,"[HOLD conf=0.17] ORB=SELL(0.58), VWAP=BUY(0.61), EMA=SELL(0.59) [VETOED: long_only mode]",,,,,,False
2026-07-21T15:49:00+00:00,GOOGL,349.17,HOLD,0.066,"[HOLD conf=0.07] ORB=HOLD(0.00), VWAP=BUY(0.49), EMA=SELL(0.42)",,,,,,False
2026-07-21T15:49:00+00:00,KO,82.01,HOLD,0.306,"[HOLD conf=0.31] ORB=HOLD(0.00), VWAP=BUY(0.53), EMA=BUY(0.48)",,,,,,False
2026-07-21T15:49:00+00:00,MU,955.87,HOLD,0.645,"[HOLD conf=0.65] ORB=BUY(0.62), VWAP=BUY(0.67), EMA=BUY(0.65) [VETOED: RSI overbought (82.6)]",,,,,,False
2026-07-21T15:49:00+00:00,MDT,82.6,HOLD,0.284,"[HOLD conf=0.28] ORB=HOLD(0.00), VWAP=BUY(0.51), EMA=BUY(0.42)",,,,,,False
2026-07-21T15:49:00+00:00,FAST,44.625,HOLD,0.364,"[HOLD conf=0.36] ORB=HOLD(0.00), VWAP=BUY(0.64), EMA=BUY(0.56)",,,,,,False
2026-07-21T15:49:00+00:00,NFLX,67.41,HOLD,0.36,"[HOLD conf=0.36] ORB=HOLD(0.00), VWAP=SELL(0.65), EMA=SELL(0.53) [VETOED: long_only mode]",,,,,,False
2026-07-21T15:49:00+00:00,ABT,101.07,HOLD,0.302,"[HOLD conf=0.30] ORB=HOLD(0.00), VWAP=SELL(0.52), EMA=SELL(0.48) [VETOED: long_only mode]",,,,,,False
2026-07-21T15:49:00+00:00,XOM,151.06,HOLD,0.164,"[HOLD conf=0.16] ORB=BUY(0.52), VWAP=SELL(0.56), EMA=BUY(0.61)",,,,,,False
2026-07-21T15:49:00+00:00,CMG,33.365,HOLD,0.288,"[HOLD conf=0.29] ORB=HOLD(0.00), VWAP=BUY(0.50), EMA=BUY(0.45)",,,,,,False
2026-07-21T15:49:00+00:00,META,647.67,HOLD,0.279,"[HOLD conf=0.28] ORB=HOLD(0.00), VWAP=BUY(0.49), EMA=BUY(0.43)",,,,,,False
2026-07-21T15:49:00+00:00,TSLA,382.19,HOLD,0.379,"[HOLD conf=0.38] ORB=HOLD(0.00), VWAP=BUY(0.67), EMA=BUY(0.58)",,,,,,False
2026-07-21T15:49:00+00:00,C,132.575,HOLD,0.175,"[HOLD conf=0.17] ORB=BUY(0.52), VWAP=SELL(0.56), EMA=BUY(0.65)",,,,,,False
2026-07-21T15:49:00+00:00,AMZN,247.9,HOLD,0.275,"[HOLD conf=0.28] ORB=HOLD(0.00), VWAP=BUY(0.50), EMA=BUY(0.40)",,,,,,False
2026-07-21T15:49:00+00:00,PYPL,55.865,HOLD,0.373,"[HOLD conf=0.37] ORB=HOLD(0.00), VWAP=SELL(0.68), EMA=SELL(0.54) [VETOED: long_only mode]",,,,,,False
2026-07-21T15:49:00+00:00,FCX,61.995,HOLD,0.145,"[HOLD conf=0.14] ORB=BUY(0.56), VWAP=SELL(0.69), EMA=BUY(0.65) [VETOED: RSI overbought (76.9)]",,,,,,False
2026-07-21T15:54:00+00:00,FAST,44.565,HOLD,0.332,"[HOLD conf=0.33] ORB=HOLD(0.00), VWAP=BUY(0.57), EMA=BUY(0.53)",,,,,,False
2026-07-21T15:54:00+00:00,NFLX,67.385,HOLD,0.37,"[HOLD conf=0.37] ORB=HOLD(0.00), VWAP=SELL(0.67), EMA=SELL(0.54) [VETOED: long_only mode]",,,,,,False
2026-07-21T15:54:00+00:00,ABT,100.89,HOLD,0.332,"[HOLD conf=0.33] ORB=HOLD(0.00), VWAP=SELL(0.60), EMA=SELL(0.49) [VETOED: long_only mode]",,,,,,False
2026-07-21T15:54:00+00:00,MU,954.71,HOLD,0.63,"[HOLD conf=0.63] ORB=BUY(0.60), VWAP=BUY(0.65), EMA=BUY(0.65) [VETOED: RSI overbought (77.5)]",,,,,,False
2026-07-21T15:54:00+00:00,CMG,33.38,HOLD,0.286,"[HOLD conf=0.29] ORB=HOLD(0.00), VWAP=BUY(0.51), EMA=BUY(0.43)",,,,,,False
2026-07-21T15:54:00+00:00,GOOGL,349.67,HOLD,0.395,"[HOLD conf=0.40] ORB=HOLD(0.00), VWAP=BUY(0.63), EMA=BUY(0.70)",,,,,,False
2026-07-21T15:54:00+00:00,MDLZ,59.66,HOLD,0.084,"[HOLD conf=0.08] ORB=HOLD(0.00), VWAP=BUY(0.54), EMA=SELL(0.42)",,,,,,False
2026-07-21T15:54:00+00:00,C,132.53,HOLD,0.19,"[HOLD conf=0.19] ORB=BUY(0.52), VWAP=SELL(0.51), EMA=BUY(0.64)",,,,,,False
2026-07-21T15:54:00+00:00,XOM,150.975,HOLD,0.59,"[HOLD conf=0.59] ORB=BUY(0.51), VWAP=BUY(0.69), EMA=BUY(0.58)",,,,,,False
2026-07-21T15:54:00+00:00,AMD,532.16,HOLD,0.348,"[HOLD conf=0.35] ORB=HOLD(0.00), VWAP=BUY(0.53), EMA=BUY(0.65)",,,,,,False
2026-07-21T15:54:00+00:00,FCX,62.07,HOLD,0.125,"[HOLD conf=0.12] ORB=BUY(0.58), VWAP=SELL(0.77), EMA=BUY(0.65) [VETOED: RSI overbought (74.4)]",,,,,,False
2026-07-21T15:54:00+00:00,MDT,82.63,HOLD,0.293,"[HOLD conf=0.29] ORB=HOLD(0.00), VWAP=BUY(0.53), EMA=BUY(0.43)",,,,,,False
2026-07-21T15:54:00+00:00,AMZN,248.07,HOLD,0.298,"[HOLD conf=0.30] ORB=HOLD(0.00), VWAP=BUY(0.56), EMA=BUY(0.41)",,,,,,False
2026-07-21T15:54:00+00:00,TSLA,381.64,HOLD,0.357,"[HOLD conf=0.36] ORB=HOLD(0.00), VWAP=BUY(0.62), EMA=BUY(0.56)",,,,,,False
2026-07-21T15:54:00+00:00,LRCX,320.76,HOLD,0.348,"[HOLD conf=0.35] ORB=HOLD(0.00), VWAP=BUY(0.55), EMA=BUY(0.62)",,,,,,False
2026-07-21T15:54:00+00:00,KO,82.025,HOLD,0.31,"[HOLD conf=0.31] ORB=HOLD(0.00), VWAP=BUY(0.55), EMA=BUY(0.47)",,,,,,False
2026-07-21T15:54:00+00:00,PYPL,55.895,HOLD,0.35,"[HOLD conf=0.35] ORB=HOLD(0.00), VWAP=SELL(0.63), EMA=SELL(0.52) [VETOED: long_only mode]",,,,,,False
2026-07-21T15:54:00+00:00,META,647.81,HOLD,0.286,"[HOLD conf=0.29] ORB=HOLD(0.00), VWAP=BUY(0.51), EMA=BUY(0.43)",,,,,,False
2026-07-21T15:54:00+00:00,SCHW,102.19,HOLD,0.32,"[HOLD conf=0.32] ORB=HOLD(0.00), VWAP=SELL(0.57), EMA=SELL(0.48) [VETOED: long_only mode]",,,,,,False
2026-07-21T15:54:00+00:00,WMT,110.41,HOLD,0.19,"[HOLD conf=0.19] ORB=SELL(0.57), VWAP=BUY(0.53), EMA=SELL(0.59) [VETOED: long_only mode]",,,,,,False
2026-07-21T15:59:00+00:00,AMZN,247.69,HOLD,0.127,"[HOLD conf=0.13] ORB=HOLD(0.00), VWAP=SELL(0.65), EMA=BUY(0.40) [VETOED: long_only mode]",,,,,,False
2026-07-21T15:59:00+00:00,WMT,110.43,HOLD,0.191,"[HOLD conf=0.19] ORB=SELL(0.56), VWAP=BUY(0.51), EMA=SELL(0.58) [VETOED: long_only mode]",,,,,,False
2026-07-21T15:59:00+00:00,GOOGL,349.18,HOLD,0.27,"[HOLD conf=0.27] ORB=HOLD(0.00), VWAP=BUY(0.48), EMA=BUY(0.41)",,,,,,False
2026-07-21T15:59:00+00:00,C,132.595,HOLD,0.174,"[HOLD conf=0.17] ORB=BUY(0.53), VWAP=SELL(0.56), EMA=BUY(0.63)",,,,,,False
2026-07-21T15:59:00+00:00,FCX,62.1,HOLD,0.129,"[HOLD conf=0.13] ORB=BUY(0.59), VWAP=SELL(0.77), EMA=BUY(0.65) [VETOED: RSI overbought (72.1)]",,,,,,False
2026-07-21T15:59:00+00:00,TSLA,381.04,HOLD,0.328,"[HOLD conf=0.33] ORB=HOLD(0.00), VWAP=BUY(0.56), EMA=BUY(0.53)",,,,,,False
2026-07-21T15:59:00+00:00,CMG,33.4,HOLD,0.29,"[HOLD conf=0.29] ORB=HOLD(0.00), VWAP=BUY(0.53), EMA=BUY(0.42)",,,,,,False
2026-07-21T15:59:00+00:00,AMD,531.74,HOLD,0.336,"[HOLD conf=0.34] ORB=HOLD(0.00), VWAP=BUY(0.51), EMA=BUY(0.63)",,,,,,False
2026-07-21T15:59:00+00:00,MDLZ,59.665,HOLD,0.088,"[HOLD conf=0.09] ORB=HOLD(0.00), VWAP=BUY(0.55), EMA=SELL(0.42)",,,,,,False
2026-07-21T15:59:00+00:00,META,647.445,HOLD,0.265,"[HOLD conf=0.27] ORB=HOLD(0.00), VWAP=BUY(0.45), EMA=BUY(0.43)",,,,,,False
2026-07-21T15:59:00+00:00,SCHW,102.315,HOLD,0.302,"[HOLD conf=0.30] ORB=HOLD(0.00), VWAP=SELL(0.52), EMA=SELL(0.48) [VETOED: long_only mode]",,,,,,False
2026-07-21T15:59:00+00:00,ABT,100.95,HOLD,0.322,"[HOLD conf=0.32] ORB=HOLD(0.00), VWAP=SELL(0.57), EMA=SELL(0.49) [VETOED: long_only mode]",,,,,,False
2026-07-21T15:59:00+00:00,PYPL,56.04,HOLD,0.11,"[HOLD conf=0.11] ORB=HOLD(0.00), VWAP=BUY(0.65), EMA=SELL(0.47)",,,,,,False
2026-07-21T15:59:00+00:00,LRCX,320.15,HOLD,0.321,"[HOLD conf=0.32] ORB=HOLD(0.00), VWAP=BUY(0.51), EMA=BUY(0.57)",,,,,,False
2026-07-21T15:59:00+00:00,MDT,82.59,HOLD,0.282,"[HOLD conf=0.28] ORB=HOLD(0.00), VWAP=BUY(0.50), EMA=BUY(0.43)",,,,,,False
2026-07-21T15:59:00+00:00,XOM,151.02,HOLD,0.166,"[HOLD conf=0.17] ORB=BUY(0.51), VWAP=SELL(0.51), EMA=BUY(0.56)",,,,,,False
2026-07-21T15:59:00+00:00,KO,82.045,HOLD,0.314,"[HOLD conf=0.31] ORB=HOLD(0.00), VWAP=BUY(0.57), EMA=BUY(0.46)",,,,,,False
2026-07-21T15:59:00+00:00,NFLX,67.36,HOLD,0.372,"[HOLD conf=0.37] ORB=HOLD(0.00), VWAP=SELL(0.67), EMA=SELL(0.55) [VETOED: long_only mode]",,,,,,False
2026-07-21T15:59:00+00:00,MU,952.03,HOLD,0.608,"[HOLD conf=0.61] ORB=BUY(0.58), VWAP=BUY(0.61), EMA=BUY(0.65) [VETOED: RSI overbought (72.0)]",,,,,,False
2026-07-21T15:59:00+00:00,FAST,44.66,HOLD,0.367,"[HOLD conf=0.37] ORB=HOLD(0.00), VWAP=BUY(0.67), EMA=BUY(0.53)",,,,,,False
2026-07-21T16:04:00+00:00,C,132.79,HOLD,0.115,"[HOLD conf=0.12] ORB=BUY(0.55), VWAP=SELL(0.75), EMA=BUY(0.63) [VETOED: RSI overbought (76.8)]",,,,,,False
2026-07-21T16:04:00+00:00,WMT,110.38,HOLD,0.184,"[HOLD conf=0.18] ORB=SELL(0.57), VWAP=BUY(0.54), EMA=SELL(0.58) [VETOED: long_only mode]",,,,,,False
2026-07-21T16:04:00+00:00,MDLZ,59.64,HOLD,0.08,"[HOLD conf=0.08] ORB=HOLD(0.00), VWAP=BUY(0.53), EMA=SELL(0.42)",,,,,,False
2026-07-21T16:04:00+00:00,LRCX,320.39,HOLD,0.323,"[HOLD conf=0.32] ORB=HOLD(0.00), VWAP=BUY(0.53), EMA=BUY(0.55)",,,,,,False
2026-07-21T16:04:00+00:00,META,647.33,HOLD,0.122,"[HOLD conf=0.12] ORB=HOLD(0.00), VWAP=SELL(0.65), EMA=BUY(0.42) [VETOED: long_only mode]",,,,,,False
2026-07-21T16:04:00+00:00,PYPL,56.03,HOLD,0.058,"[HOLD conf=0.06] ORB=HOLD(0.00), VWAP=BUY(0.48), EMA=SELL(0.44)",,,,,,False
2026-07-21T16:04:00+00:00,XOM,151.105,HOLD,0.139,"[HOLD conf=0.14] ORB=BUY(0.52), VWAP=SELL(0.59), EMA=BUY(0.55)",,,,,,False
2026-07-21T16:04:00+00:00,ABT,100.92,HOLD,0.328,"[HOLD conf=0.33] ORB=HOLD(0.00), VWAP=SELL(0.58), EMA=SELL(0.50) [VETOED: long_only mode]",,,,,,False
2026-07-21T16:04:00+00:00,FCX,62.09,HOLD,0.133,"[HOLD conf=0.13] ORB=BUY(0.59), VWAP=SELL(0.76), EMA=BUY(0.65) [VETOED: RSI overbought (78.3)]",,,,,,False
2026-07-21T16:04:00+00:00,CMG,33.37,HOLD,0.277,"[HOLD conf=0.28] ORB=HOLD(0.00), VWAP=BUY(0.50), EMA=BUY(0.41)",,,,,,False
2026-07-21T16:04:00+00:00,KO,81.97,HOLD,0.278,"[HOLD conf=0.28] ORB=HOLD(0.00), VWAP=BUY(0.48), EMA=BUY(0.44)",,,,,,False
2026-07-21T16:04:00+00:00,GOOGL,348.99,HOLD,0.125,"[HOLD conf=0.12] ORB=HOLD(0.00), VWAP=SELL(0.65), EMA=BUY(0.41) [VETOED: long_only mode]",,,,,,False
2026-07-21T16:04:00+00:00,SCHW,102.48,HOLD,0.274,"[HOLD conf=0.27] ORB=HOLD(0.00), VWAP=SELL(0.46), EMA=SELL(0.45) [VETOED: long_only mode]",,,,,,False
2026-07-21T16:04:00+00:00,MDT,82.52,HOLD,0.266,"[HOLD conf=0.27] ORB=HOLD(0.00), VWAP=BUY(0.46), EMA=BUY(0.42)",,,,,,False
2026-07-21T16:04:00+00:00,MU,962.915,HOLD,0.236,"[HOLD conf=0.24] ORB=BUY(0.69), VWAP=SELL(0.58), EMA=BUY(0.65) [VETOED: RSI overbought (75.4)]",,,,,,False
2026-07-21T16:04:00+00:00,AMD,533.38,HOLD,0.358,"[HOLD conf=0.36] ORB=HOLD(0.00), VWAP=BUY(0.58), EMA=BUY(0.62)",,,,,,False
2026-07-21T16:04:00+00:00,AMZN,247.89,HOLD,0.328,"[HOLD conf=0.33] ORB=HOLD(0.00), VWAP=BUY(0.65), EMA=BUY(0.40)",,,,,,False
2026-07-21T16:04:00+00:00,NFLX,67.235,HOLD,0.06,"[HOLD conf=0.06] ORB=HOLD(0.00), VWAP=BUY(0.58), EMA=SELL(0.57)",,,,,,False
2026-07-21T16:04:00+00:00,TSLA,381.39,HOLD,0.336,"[HOLD conf=0.34] ORB=HOLD(0.00), VWAP=BUY(0.59), EMA=BUY(0.52)",,,,,,False
2026-07-21T16:04:00+00:00,FAST,44.65,HOLD,0.36,"[HOLD conf=0.36] ORB=HOLD(0.00), VWAP=BUY(0.65), EMA=BUY(0.53)",,,,,,False
2026-07-21T16:09:00+00:00,FCX,62.105,HOLD,0.136,"[HOLD conf=0.14] ORB=BUY(0.59), VWAP=SELL(0.75), EMA=BUY(0.65) [VETOED: RSI overbought (76.3)]",,,,,,False
2026-07-21T16:09:00+00:00,FAST,44.68,HOLD,0.37,"[HOLD conf=0.37] ORB=HOLD(0.00), VWAP=BUY(0.68), EMA=BUY(0.53)",,,,,,False
2026-07-21T16:09:00+00:00,NFLX,67.11,HOLD,0.123,"[HOLD conf=0.12] ORB=SELL(0.52), VWAP=BUY(0.68), EMA=SELL(0.61) [VETOED: long_only mode]",,,,,,False
2026-07-21T16:09:00+00:00,MDT,82.535,HOLD,0.267,"[HOLD conf=0.27] ORB=HOLD(0.00), VWAP=BUY(0.47), EMA=BUY(0.41)",,,,,,False
2026-07-21T16:09:00+00:00,ABT,100.79,HOLD,0.348,"[HOLD conf=0.35] ORB=HOLD(0.00), VWAP=SELL(0.63), EMA=SELL(0.51) [VETOED: long_only mode]",,,,,,False
2026-07-21T16:09:00+00:00,GOOGL,349.205,HOLD,0.33,"[HOLD conf=0.33] ORB=HOLD(0.00), VWAP=BUY(0.65), EMA=BUY(0.41)",,,,,,False
2026-07-21T16:09:00+00:00,WMT,110.465,HOLD,0.598,"[HOLD conf=0.60] ORB=SELL(0.55), VWAP=SELL(0.68), EMA=SELL(0.56) [VETOED: long_only mode]",,,,,,False
2026-07-21T16:09:00+00:00,TSLA,381.07,HOLD,0.321,"[HOLD conf=0.32] ORB=HOLD(0.00), VWAP=BUY(0.56), EMA=BUY(0.50)",,,,,,False
2026-07-21T16:09:00+00:00,PYPL,55.865,HOLD,0.34,"[HOLD conf=0.34] ORB=HOLD(0.00), VWAP=SELL(0.65), EMA=SELL(0.45) [VETOED: long_only mode]",,,,,,False
2026-07-21T16:09:00+00:00,LRCX,320.795,HOLD,0.328,"[HOLD conf=0.33] ORB=HOLD(0.00), VWAP=BUY(0.55), EMA=BUY(0.54)",,,,,,False
2026-07-21T16:09:00+00:00,CMG,33.46,HOLD,0.318,"[HOLD conf=0.32] ORB=HOLD(0.00), VWAP=BUY(0.60), EMA=BUY(0.43)",,,,,,False
2026-07-21T16:09:00+00:00,MU,968.37,HOLD,0.228,"[HOLD conf=0.23] ORB=BUY(0.75), VWAP=SELL(0.67), EMA=BUY(0.65) [VETOED: RSI overbought (77.3)]",,,,,,False
2026-07-21T16:09:00+00:00,KO,81.94,HOLD,0.122,"[HOLD conf=0.12] ORB=HOLD(0.00), VWAP=SELL(0.65), EMA=BUY(0.42) [VETOED: long_only mode]",,,,,,False
2026-07-21T16:09:00+00:00,AMZN,247.585,HOLD,0.402,"[HOLD conf=0.40] ORB=HOLD(0.00), VWAP=SELL(0.65), EMA=SELL(0.70) [VETOED: long_only mode]",,,,,,False
2026-07-21T16:09:00+00:00,META,647.0,HOLD,0.08,"[HOLD conf=0.08] ORB=HOLD(0.00), VWAP=SELL(0.52), EMA=BUY(0.41) [VETOED: long_only mode]",,,,,,False
2026-07-21T16:09:00+00:00,C,132.99,HOLD,0.065,"[HOLD conf=0.07] ORB=BUY(0.57), VWAP=SELL(0.93), EMA=BUY(0.65) [VETOED: RSI overbought (79.1)]",,,,,,False
2026-07-21T16:09:00+00:00,MDLZ,59.61,HOLD,0.07,"[HOLD conf=0.07] ORB=HOLD(0.00), VWAP=BUY(0.50), EMA=SELL(0.42)",,,,,,False
2026-07-21T16:09:00+00:00,SCHW,102.31,HOLD,0.297,"[HOLD conf=0.30] ORB=HOLD(0.00), VWAP=SELL(0.52), EMA=SELL(0.46) [VETOED: long_only mode]",,,,,,False
2026-07-21T16:09:00+00:00,XOM,150.83,HOLD,0.344,"[HOLD conf=0.34] ORB=HOLD(0.00), VWAP=BUY(0.61), EMA=BUY(0.52)",,,,,,False
2026-07-21T16:14:00+00:00,CMG,33.405,HOLD,0.29,"[HOLD conf=0.29] ORB=HOLD(0.00), VWAP=BUY(0.53), EMA=BUY(0.42)",,,,,,False
2026-07-21T16:14:00+00:00,SCHW,102.18,HOLD,0.317,"[HOLD conf=0.32] ORB=HOLD(0.00), VWAP=SELL(0.57), EMA=SELL(0.47) [VETOED: long_only mode]",,,,,,False
2026-07-21T16:14:00+00:00,C,133.05,HOLD,0.159,"[HOLD conf=0.16] ORB=BUY(0.77), VWAP=SELL(0.89), EMA=BUY(0.65) [VETOED: RSI overbought (76.5)]",,,,,,False
2026-07-21T16:14:00+00:00,KO,82.07,HOLD,0.335,"[HOLD conf=0.34] ORB=HOLD(0.00), VWAP=BUY(0.65), EMA=BUY(0.43)",,,,,,False
2026-07-21T16:14:00+00:00,NFLX,66.995,HOLD,0.127,"[HOLD conf=0.13] ORB=SELL(0.55), VWAP=BUY(0.73), EMA=SELL(0.65) [VETOED: long_only mode]",,,,,,False
2026-07-21T16:14:00+00:00,WMT,110.505,HOLD,0.588,"[HOLD conf=0.59] ORB=SELL(0.54), VWAP=SELL(0.67), EMA=SELL(0.55) [VETOED: long_only mode]",,,,,,False
2026-07-21T16:14:00+00:00,AMD,533.57,HOLD,0.359,"[HOLD conf=0.36] ORB=HOLD(0.00), VWAP=BUY(0.59), EMA=BUY(0.61)",,,,,,False
2026-07-21T16:14:00+00:00,MDT,82.575,HOLD,0.274,"[HOLD conf=0.27] ORB=HOLD(0.00), VWAP=BUY(0.49), EMA=BUY(0.41)",,,,,,False
2026-07-21T16:14:00+00:00,XOM,150.895,HOLD,0.346,"[HOLD conf=0.35] ORB=HOLD(0.00), VWAP=BUY(0.63), EMA=BUY(0.50)",,,,,,False
2026-07-21T16:14:00+00:00,AMZN,247.505,HOLD,0.3,"[HOLD conf=0.30] ORB=HOLD(0.00), VWAP=SELL(0.55), EMA=SELL(0.43) [VETOED: long_only mode]",,,,,,False
2026-07-21T16:14:00+00:00,PYPL,55.895,HOLD,0.32,"[HOLD conf=0.32] ORB=HOLD(0.00), VWAP=SELL(0.60), EMA=SELL(0.44) [VETOED: long_only mode]",,,,,,False
2026-07-21T16:14:00+00:00,TSLA,381.075,HOLD,0.312,"[HOLD conf=0.31] ORB=HOLD(0.00), VWAP=BUY(0.55), EMA=BUY(0.48)",,,,,,False
2026-07-21T16:14:00+00:00,LRCX,320.415,HOLD,0.316,"[HOLD conf=0.32] ORB=HOLD(0.00), VWAP=BUY(0.53), EMA=BUY(0.52)",,,,,,False
2026-07-21T16:14:00+00:00,FCX,62.22,HOLD,0.11,"[HOLD conf=0.11] ORB=BUY(0.62), VWAP=SELL(0.86), EMA=BUY(0.65) [VETOED: RSI overbought (79.1)]",,,,,,False
2026-07-21T16:14:00+00:00,MDLZ,59.69,HOLD,0.097,"[HOLD conf=0.10] ORB=HOLD(0.00), VWAP=BUY(0.57), EMA=SELL(0.41)",,,,,,False
2026-07-21T16:14:00+00:00,GOOGL,349.45,HOLD,0.301,"[HOLD conf=0.30] ORB=HOLD(0.00), VWAP=BUY(0.56), EMA=BUY(0.42)",,,,,,False
2026-07-21T16:14:00+00:00,META,647.2,HOLD,0.071,"[HOLD conf=0.07] ORB=HOLD(0.00), VWAP=SELL(0.49), EMA=BUY(0.40) [VETOED: long_only mode]",,,,,,False
2026-07-21T16:14:00+00:00,FAST,44.735,HOLD,0.064,"[HOLD conf=0.06] ORB=HOLD(0.00), VWAP=SELL(0.57), EMA=BUY(0.54) [VETOED: long_only mode]",,,,,,False
2026-07-21T16:14:00+00:00,ABT,100.91,HOLD,0.327,"[HOLD conf=0.33] ORB=HOLD(0.00), VWAP=SELL(0.57), EMA=SELL(0.51) [VETOED: long_only mode]",,,,,,False
2026-07-21T16:14:00+00:00,MU,968.46,HOLD,0.242,"[HOLD conf=0.24] ORB=BUY(0.75), VWAP=SELL(0.63), EMA=BUY(0.65) [VETOED: RSI overbought (75.9)]",,,,,,False
2026-07-21T16:19:00+00:00,XOM,150.9,HOLD,0.344,"[HOLD conf=0.34] ORB=HOLD(0.00), VWAP=BUY(0.64), EMA=BUY(0.48)",,,,,,False
2026-07-21T16:19:00+00:00,KO,82.045,HOLD,0.304,"[HOLD conf=0.30] ORB=HOLD(0.00), VWAP=BUY(0.57), EMA=BUY(0.42)",,,,,,False
2026-07-21T16:19:00+00:00,LRCX,321.86,HOLD,0.351,"[HOLD conf=0.35] ORB=HOLD(0.00), VWAP=BUY(0.61), EMA=BUY(0.55)",,,,,,False
2026-07-21T16:19:00+00:00,NFLX,66.85,HOLD,0.126,"[HOLD conf=0.13] ORB=SELL(0.60), VWAP=BUY(0.79), EMA=SELL(0.65) [VETOED: long_only mode]",,,,,,False
2026-07-21T16:19:00+00:00,WMT,110.335,HOLD,0.174,"[HOLD conf=0.17] ORB=SELL(0.59), VWAP=BUY(0.57), EMA=SELL(0.55) [VETOED: long_only mode]",,,,,,False
2026-07-21T16:19:00+00:00,META,646.985,HOLD,0.357,"[HOLD conf=0.36] ORB=HOLD(0.00), VWAP=SELL(0.52), EMA=SELL(0.70) [VETOED: long_only mode]",,,,,,False
2026-07-21T16:19:00+00:00,MU,969.55,HOLD,0.253,"[HOLD conf=0.25] ORB=BUY(0.76), VWAP=SELL(0.61), EMA=BUY(0.65) [VETOED: RSI overbought (74.9)]",,,,,,False
2026-07-21T16:19:00+00:00,FCX,62.3,HOLD,0.093,"[HOLD conf=0.09] ORB=BUY(0.64), VWAP=SELL(0.93), EMA=BUY(0.65) [VETOED: RSI overbought (79.1)]",,,,,,False
2026-07-21T16:19:00+00:00,MDT,82.64,HOLD,0.29,"[HOLD conf=0.29] ORB=HOLD(0.00), VWAP=BUY(0.53), EMA=BUY(0.42)",,,,,,False
2026-07-21T16:19:00+00:00,AMZN,247.43,HOLD,0.313,"[HOLD conf=0.31] ORB=HOLD(0.00), VWAP=SELL(0.58), EMA=SELL(0.44) [VETOED: long_only mode]",,,,,,False
2026-07-21T16:19:00+00:00,MDLZ,59.69,HOLD,0.099,"[HOLD conf=0.10] ORB=HOLD(0.00), VWAP=BUY(0.57), EMA=SELL(0.40)",,,,,,False
2026-07-21T16:19:00+00:00,TSLA,381.035,HOLD,0.308,"[HOLD conf=0.31] ORB=HOLD(0.00), VWAP=BUY(0.55), EMA=BUY(0.46)",,,,,,False
2026-07-21T16:19:00+00:00,CMG,33.4,HOLD,0.29,"[HOLD conf=0.29] ORB=HOLD(0.00), VWAP=BUY(0.53), EMA=BUY(0.42)",,,,,,False
2026-07-21T16:19:00+00:00,C,133.23,HOLD,0.066,"[HOLD conf=0.07] ORB=BUY(0.59), VWAP=SELL(0.95), EMA=BUY(0.65) [VETOED: RSI overbought (75.0)]",,,,,,False
2026-07-21T16:19:00+00:00,AMD,534.79,HOLD,0.379,"[HOLD conf=0.38] ORB=HOLD(0.00), VWAP=BUY(0.64), EMA=BUY(0.62)",,,,,,False
2026-07-21T16:19:00+00:00,PYPL,55.925,HOLD,0.306,"[HOLD conf=0.31] ORB=HOLD(0.00), VWAP=SELL(0.56), EMA=SELL(0.44) [VETOED: long_only mode]",,,,,,False
2026-07-21T16:19:00+00:00,FAST,44.745,HOLD,0.065,"[HOLD conf=0.07] ORB=HOLD(0.00), VWAP=SELL(0.58), EMA=BUY(0.55) [VETOED: long_only mode]",,,,,,False
2026-07-21T16:19:00+00:00,GOOGL,349.33,HOLD,0.29,"[HOLD conf=0.29] ORB=HOLD(0.00), VWAP=BUY(0.52), EMA=BUY(0.43)",,,,,,False
2026-07-21T16:19:00+00:00,ABT,100.94,HOLD,0.321,"[HOLD conf=0.32] ORB=HOLD(0.00), VWAP=SELL(0.56), EMA=SELL(0.50) [VETOED: long_only mode]",,,,,,False
2026-07-21T16:19:00+00:00,SCHW,102.365,HOLD,0.29,"[HOLD conf=0.29] ORB=HOLD(0.00), VWAP=SELL(0.50), EMA=SELL(0.46) [VETOED: long_only mode]",,,,,,False
2026-07-21T16:24:00+00:00,C,133.13,HOLD,0.09,"[HOLD conf=0.09] ORB=BUY(0.58), VWAP=SELL(0.87), EMA=BUY(0.65) [VETOED: RSI overbought (71.7)]",,,,,,False
2026-07-21T16:24:00+00:00,CMG,33.4,HOLD,0.288,"[HOLD conf=0.29] ORB=HOLD(0.00), VWAP=BUY(0.53), EMA=BUY(0.41)",,,,,,False
2026-07-21T16:24:00+00:00,WMT,110.26,HOLD,0.164,"[HOLD conf=0.16] ORB=SELL(0.61), VWAP=BUY(0.62), EMA=SELL(0.55) [VETOED: long_only mode]",,,,,,False
2026-07-21T16:24:00+00:00,XOM,150.9,HOLD,0.341,"[HOLD conf=0.34] ORB=HOLD(0.00), VWAP=BUY(0.64), EMA=BUY(0.47)",,,,,,False
2026-07-21T16:24:00+00:00,AMZN,247.27,HOLD,0.336,"[HOLD conf=0.34] ORB=HOLD(0.00), VWAP=SELL(0.64), EMA=SELL(0.45) [VETOED: long_only mode]",,,,,,False
2026-07-21T16:24:00+00:00,AMD,537.255,HOLD,0.172,"[HOLD conf=0.17] ORB=BUY(0.54), VWAP=SELL(0.59), EMA=BUY(0.65) [VETOED: RSI overbought (73.2)]",,,,,,False
2026-07-21T16:24:00+00:00,SCHW,102.56,HOLD,0.12,"[HOLD conf=0.12] ORB=HOLD(0.00), VWAP=BUY(0.65), EMA=SELL(0.43)",,,,,,False
2026-07-21T16:24:00+00:00,MU,970.78,HOLD,0.261,"[HOLD conf=0.26] ORB=BUY(0.78), VWAP=SELL(0.61), EMA=BUY(0.65) [VETOED: RSI overbought (73.9)]",,,,,,False
2026-07-21T16:24:00+00:00,NFLX,66.945,HOLD,0.17,"[HOLD conf=0.17] ORB=SELL(0.57), VWAP=BUY(0.63), EMA=SELL(0.65) [VETOED: long_only mode]",,,,,,False
2026-07-21T16:24:00+00:00,ABT,100.97,HOLD,0.315,"[HOLD conf=0.32] ORB=HOLD(0.00), VWAP=SELL(0.55), EMA=SELL(0.49) [VETOED: long_only mode]",,,,,,False
2026-07-21T16:24:00+00:00,PYPL,55.85,HOLD,0.337,"[HOLD conf=0.34] ORB=HOLD(0.00), VWAP=SELL(0.65), EMA=SELL(0.44) [VETOED: long_only mode]",,,,,,False
2026-07-21T16:24:00+00:00,MDT,82.635,HOLD,0.293,"[HOLD conf=0.29] ORB=HOLD(0.00), VWAP=BUY(0.53), EMA=BUY(0.43)",,,,,,False
2026-07-21T16:24:00+00:00,KO,82.005,HOLD,0.287,"[HOLD conf=0.29] ORB=HOLD(0.00), VWAP=BUY(0.52), EMA=BUY(0.42)",,,,,,False
2026-07-21T16:24:00+00:00,META,647.43,HOLD,0.127,"[HOLD conf=0.13] ORB=HOLD(0.00), VWAP=BUY(0.65), EMA=SELL(0.40)",,,,,,False
2026-07-21T16:24:00+00:00,GOOGL,349.27,HOLD,0.286,"[HOLD conf=0.29] ORB=HOLD(0.00), VWAP=BUY(0.51), EMA=BUY(0.43)",,,,,,False
2026-07-21T16:24:00+00:00,FCX,62.455,HOLD,0.098,"[HOLD conf=0.10] ORB=BUY(0.67), VWAP=SELL(0.95), EMA=BUY(0.65) [VETOED: RSI overbought (85.2)]",,,,,,False
2026-07-21T16:24:00+00:00,MDLZ,59.725,HOLD,0.385,"[HOLD conf=0.39] ORB=HOLD(0.00), VWAP=BUY(0.60), EMA=BUY(0.70)",,,,,,False
2026-07-21T16:24:00+00:00,TSLA,381.715,HOLD,0.334,"[HOLD conf=0.33] ORB=HOLD(0.00), VWAP=BUY(0.62), EMA=BUY(0.47)",,,,,,False
2026-07-21T16:24:00+00:00,LRCX,322.58,HOLD,0.377,"[HOLD conf=0.38] ORB=HOLD(0.00), VWAP=BUY(0.65), EMA=BUY(0.60)",,,,,,False
2026-07-21T16:29:00+00:00,KO,82.14,HOLD,0.553,"[HOLD conf=0.55] ORB=BUY(0.51), VWAP=BUY(0.69), EMA=BUY(0.43)",,,,,,False
2026-07-21T16:29:00+00:00,PYPL,55.945,HOLD,0.29,"[HOLD conf=0.29] ORB=HOLD(0.00), VWAP=SELL(0.52), EMA=SELL(0.43) [VETOED: long_only mode]",,,,,,False
2026-07-21T16:29:00+00:00,XOM,151.17,HOLD,0.112,"[HOLD conf=0.11] ORB=BUY(0.53), VWAP=SELL(0.63), EMA=BUY(0.48)",,,,,,False
2026-07-21T16:29:00+00:00,TSLA,381.335,HOLD,0.318,"[HOLD conf=0.32] ORB=HOLD(0.00), VWAP=BUY(0.58), EMA=BUY(0.46)",,,,,,False
2026-07-21T16:29:00+00:00,AMD,538.24,HOLD,0.17,"[HOLD conf=0.17] ORB=BUY(0.57), VWAP=SELL(0.63), EMA=BUY(0.65)",,,,,,False
2026-07-21T16:29:00+00:00,LRCX,321.54,HOLD,0.35,"[HOLD conf=0.35] ORB=HOLD(0.00), VWAP=BUY(0.58), EMA=BUY(0.59)",,,,,,False
2026-07-21T16:29:00+00:00,GOOGL,349.63,HOLD,0.324,"[HOLD conf=0.32] ORB=HOLD(0.00), VWAP=BUY(0.61), EMA=BUY(0.44)",,,,,,False
2026-07-21T16:29:00+00:00,MDT,82.73,HOLD,0.316,"[HOLD conf=0.32] ORB=HOLD(0.00), VWAP=BUY(0.59), EMA=BUY(0.44)",,,,,,False
2026-07-21T16:29:00+00:00,META,647.465,HOLD,0.061,"[HOLD conf=0.06] ORB=HOLD(0.00), VWAP=BUY(0.46), EMA=SELL(0.40)",,,,,,False
2026-07-21T16:29:00+00:00,ABT,101.135,HOLD,0.279,"[HOLD conf=0.28] ORB=HOLD(0.00), VWAP=SELL(0.47), EMA=SELL(0.46) [VETOED: long_only mode]",,,,,,False
2026-07-21T16:29:00+00:00,AMZN,247.395,HOLD,0.322,"[HOLD conf=0.32] ORB=HOLD(0.00), VWAP=SELL(0.59), EMA=SELL(0.46) [VETOED: long_only mode]",,,,,,False
2026-07-21T16:29:00+00:00,SCHW,102.705,HOLD,0.357,"[HOLD conf=0.36] ORB=HOLD(0.00), VWAP=BUY(0.52), EMA=BUY(0.70)",,,,,,False
2026-07-21T16:29:00+00:00,CMG,33.445,HOLD,0.308,"[HOLD conf=0.31] ORB=HOLD(0.00), VWAP=BUY(0.58), EMA=BUY(0.42)",,,,,,False
2026-07-21T16:29:00+00:00,FAST,44.76,HOLD,0.066,"[HOLD conf=0.07] ORB=HOLD(0.00), VWAP=SELL(0.59), EMA=BUY(0.56) [VETOED: long_only mode]",,,,,,False
2026-07-21T16:29:00+00:00,NFLX,66.845,HOLD,0.168,"[HOLD conf=0.17] ORB=SELL(0.60), VWAP=BUY(0.67), EMA=SELL(0.65) [VETOED: long_only mode]",,,,,,False
2026-07-21T16:29:00+00:00,C,133.21,HOLD,0.08,"[HOLD conf=0.08] ORB=BUY(0.59), VWAP=SELL(0.91), EMA=BUY(0.65) [VETOED: RSI overbought (70.1)]",,,,,,False
2026-07-21T16:29:00+00:00,WMT,110.24,HOLD,0.164,"[HOLD conf=0.16] ORB=SELL(0.61), VWAP=BUY(0.63), EMA=SELL(0.56) [VETOED: long_only mode]",,,,,,False
2026-07-21T16:29:00+00:00,MDLZ,59.82,HOLD,0.346,"[HOLD conf=0.35] ORB=HOLD(0.00), VWAP=BUY(0.68), EMA=BUY(0.43)",,,,,,False
2026-07-21T16:29:00+00:00,FCX,62.39,HOLD,0.094,"[HOLD conf=0.09] ORB=BUY(0.66), VWAP=SELL(0.95), EMA=BUY(0.65) [VETOED: RSI overbought (75.3)]",,,,,,False
2026-07-21T16:29:00+00:00,MU,969.5,HOLD,0.267,"[HOLD conf=0.27] ORB=BUY(0.76), VWAP=SELL(0.57), EMA=BUY(0.65) [VETOED: RSI overbought (70.9)]",,,,,,False
2026-07-21T16:34:00+00:00,PYPL,55.955,HOLD,0.28,"[HOLD conf=0.28] ORB=HOLD(0.00), VWAP=SELL(0.50), EMA=SELL(0.42) [VETOED: long_only mode]",,,,,,False
2026-07-21T16:34:00+00:00,FAST,44.81,HOLD,0.092,"[HOLD conf=0.09] ORB=HOLD(0.00), VWAP=SELL(0.67), EMA=BUY(0.57) [VETOED: long_only mode]",,,,,,False
2026-07-21T16:34:00+00:00,AMZN,247.595,HOLD,0.291,"[HOLD conf=0.29] ORB=HOLD(0.00), VWAP=SELL(0.51), EMA=SELL(0.45) [VETOED: long_only mode]",,,,,,False
2026-07-21T16:34:00+00:00,MDLZ,59.775,HOLD,0.33,"[HOLD conf=0.33] ORB=HOLD(0.00), VWAP=BUY(0.63), EMA=BUY(0.44)",,,,,,False
2026-07-21T16:34:00+00:00,MDT,82.7,HOLD,0.312,"[HOLD conf=0.31] ORB=HOLD(0.00), VWAP=BUY(0.57), EMA=BUY(0.45)",,,,,,False
2026-07-21T16:34:00+00:00,META,647.45,HOLD,0.061,"[HOLD conf=0.06] ORB=HOLD(0.00), VWAP=BUY(0.46), EMA=SELL(0.40)",,,,,,False
2026-07-21T16:34:00+00:00,C,133.295,HOLD,0.07,"[HOLD conf=0.07] ORB=BUY(0.60), VWAP=SELL(0.95), EMA=BUY(0.65) [VETOED: RSI overbought (75.4)]",,,,,,False
2026-07-21T16:34:00+00:00,TSLA,381.35,HOLD,0.318,"[HOLD conf=0.32] ORB=HOLD(0.00), VWAP=BUY(0.58), EMA=BUY(0.46)",,,,,,False
2026-07-21T16:34:00+00:00,AMD,537.9,HOLD,0.187,"[HOLD conf=0.19] ORB=BUY(0.56), VWAP=SELL(0.57), EMA=BUY(0.65)",,,,,,False
2026-07-21T16:34:00+00:00,KO,82.075,HOLD,0.318,"[HOLD conf=0.32] ORB=HOLD(0.00), VWAP=BUY(0.60), EMA=BUY(0.43)",,,,,,False
2026-07-21T16:34:00+00:00,CMG,33.525,HOLD,0.35,"[HOLD conf=0.35] ORB=HOLD(0.00), VWAP=BUY(0.67), EMA=BUY(0.46)",,,,,,False
2026-07-21T16:34:00+00:00,MU,970.445,HOLD,0.271,"[HOLD conf=0.27] ORB=BUY(0.77), VWAP=SELL(0.57), EMA=BUY(0.65) [VETOED: RSI overbought (70.2)]",,,,,,False
2026-07-21T16:34:00+00:00,SCHW,102.715,HOLD,0.296,"[HOLD conf=0.30] ORB=HOLD(0.00), VWAP=BUY(0.53), EMA=BUY(0.44)",,,,,,False
2026-07-21T16:34:00+00:00,NFLX,66.895,HOLD,0.199,"[HOLD conf=0.20] ORB=SELL(0.59), VWAP=BUY(0.57), EMA=SELL(0.65) [VETOED: long_only mode]",,,,,,False
2026-07-21T16:34:00+00:00,GOOGL,349.75,HOLD,0.336,"[HOLD conf=0.34] ORB=HOLD(0.00), VWAP=BUY(0.64), EMA=BUY(0.45)",,,,,,False
2026-07-21T16:34:00+00:00,FCX,62.42,HOLD,0.098,"[HOLD conf=0.10] ORB=BUY(0.67), VWAP=SELL(0.95), EMA=BUY(0.65) [VETOED: RSI overbought (75.0)]",,,,,,False
2026-07-21T16:34:00+00:00,WMT,110.165,HOLD,0.158,"[HOLD conf=0.16] ORB=SELL(0.63), VWAP=BUY(0.67), EMA=SELL(0.56) [VETOED: long_only mode]",,,,,,False
2026-07-21T16:34:00+00:00,ABT,101.02,HOLD,0.294,"[HOLD conf=0.29] ORB=HOLD(0.00), VWAP=SELL(0.52), EMA=SELL(0.45) [VETOED: long_only mode]",,,,,,False
2026-07-21T16:39:00+00:00,MDT,82.64,HOLD,0.298,"[HOLD conf=0.30] ORB=HOLD(0.00), VWAP=BUY(0.53), EMA=BUY(0.45)",,,,,,False
2026-07-21T16:39:00+00:00,MU,976.29,HOLD,0.252,"[HOLD conf=0.25] ORB=BUY(0.80), VWAP=SELL(0.66), EMA=BUY(0.65) [VETOED: RSI overbought (74.9)]",,,,,,False
2026-07-21T16:39:00+00:00,WMT,109.955,HOLD,0.14,"[HOLD conf=0.14] ORB=SELL(0.69), VWAP=BUY(0.81), EMA=SELL(0.59) [VETOED: long_only mode]",,,,,,False
2026-07-21T16:39:00+00:00,FCX,62.37,HOLD,0.111,"[HOLD conf=0.11] ORB=BUY(0.65), VWAP=SELL(0.89), EMA=BUY(0.65) [VETOED: RSI overbought (73.6)]",,,,,,False
2026-07-21T16:39:00+00:00,NFLX,66.845,HOLD,0.283,"[HOLD conf=0.28] ORB=SELL(0.80), VWAP=BUY(0.57), EMA=SELL(0.65) [VETOED: long_only mode]",,,,,,False
2026-07-21T16:39:00+00:00,PYPL,55.895,HOLD,0.308,"[HOLD conf=0.31] ORB=HOLD(0.00), VWAP=SELL(0.58), EMA=SELL(0.42) [VETOED: long_only mode]",,,,,,False
2026-07-21T16:39:00+00:00,AMZN,247.475,HOLD,0.305,"[HOLD conf=0.30] ORB=HOLD(0.00), VWAP=SELL(0.55), EMA=SELL(0.45) [VETOED: long_only mode]",,,,,,False
2026-07-21T16:39:00+00:00,C,133.19,HOLD,0.1,"[HOLD conf=0.10] ORB=BUY(0.58), VWAP=SELL(0.84), EMA=BUY(0.65)",,,,,,False
2026-07-21T16:39:00+00:00,XOM,150.98,HOLD,0.556,"[HOLD conf=0.56] ORB=BUY(0.51), VWAP=BUY(0.67), EMA=BUY(0.47)",,,,,,False
2026-07-21T16:39:00+00:00,META,647.905,HOLD,0.41,"[HOLD conf=0.41] ORB=HOLD(0.00), VWAP=BUY(0.53), EMA=BUY(0.90)",,,,,,False
2026-07-21T16:39:00+00:00,TSLA,381.095,HOLD,0.305,"[HOLD conf=0.30] ORB=HOLD(0.00), VWAP=BUY(0.55), EMA=BUY(0.45)",,,,,,False
2026-07-21T16:39:00+00:00,FAST,44.825,HOLD,0.093,"[HOLD conf=0.09] ORB=HOLD(0.00), VWAP=SELL(0.68), EMA=BUY(0.58) [VETOED: long_only mode]",,,,,,False
2026-07-21T16:39:00+00:00,MDLZ,59.675,HOLD,0.3,"[HOLD conf=0.30] ORB=HOLD(0.00), VWAP=BUY(0.55), EMA=BUY(0.43)",,,,,,False
2026-07-21T16:39:00+00:00,LRCX,322.34,HOLD,0.373,"[HOLD conf=0.37] ORB=HOLD(0.00), VWAP=BUY(0.63), EMA=BUY(0.61)",,,,,,False
2026-07-21T16:39:00+00:00,KO,82.045,HOLD,0.304,"[HOLD conf=0.30] ORB=HOLD(0.00), VWAP=BUY(0.56), EMA=BUY(0.43)",,,,,,False
2026-07-21T16:39:00+00:00,AMD,539.41,HOLD,0.172,"[HOLD conf=0.17] ORB=BUY(0.60), VWAP=SELL(0.66), EMA=BUY(0.65) [VETOED: RSI overbought (70.2)]",,,,,,False
2026-07-21T16:39:00+00:00,SCHW,102.66,HOLD,0.291,"[HOLD conf=0.29] ORB=HOLD(0.00), VWAP=BUY(0.51), EMA=BUY(0.45)",,,,,,False
2026-07-21T16:39:00+00:00,ABT,100.82,HOLD,0.334,"[HOLD conf=0.33] ORB=HOLD(0.00), VWAP=SELL(0.62), EMA=SELL(0.47) [VETOED: long_only mode]",,,,,,False
2026-07-21T16:39:00+00:00,GOOGL,349.85,HOLD,0.342,"[HOLD conf=0.34] ORB=HOLD(0.00), VWAP=BUY(0.65), EMA=BUY(0.46) [VETOED: RSI overbought (74.1)]",,,,,,False
2026-07-21T16:44:00+00:00,SCHW,102.46,HOLD,0.117,"[HOLD conf=0.12] ORB=HOLD(0.00), VWAP=SELL(0.65), EMA=BUY(0.44) [VETOED: long_only mode]",,,,,,False
2026-07-21T16:44:00+00:00,LRCX,322.53,HOLD,0.378,"[HOLD conf=0.38] ORB=HOLD(0.00), VWAP=BUY(0.63), EMA=BUY(0.63)",,,,,,False
2026-07-21T16:44:00+00:00,AMZN,247.58,HOLD,0.288,"[HOLD conf=0.29] ORB=HOLD(0.00), VWAP=SELL(0.51), EMA=SELL(0.44) [VETOED: long_only mode]",,,,,,False
2026-07-21T16:44:00+00:00,XOM,150.935,HOLD,0.542,"[HOLD conf=0.54] ORB=BUY(0.50), VWAP=BUY(0.65), EMA=BUY(0.46)",,,,,,False
2026-07-21T16:44:00+00:00,MU,973.77,HOLD,0.28,"[HOLD conf=0.28] ORB=BUY(0.80), VWAP=SELL(0.58), EMA=BUY(0.65) [VETOED: RSI overbought (70.4)]",,,,,,False
2026-07-21T16:44:00+00:00,MDT,82.57,HOLD,0.275,"[HOLD conf=0.28] ORB=HOLD(0.00), VWAP=BUY(0.48), EMA=BUY(0.43)",,,,,,False
2026-07-21T16:44:00+00:00,FCX,62.41,HOLD,0.112,"[HOLD conf=0.11] ORB=BUY(0.66), VWAP=SELL(0.90), EMA=BUY(0.65) [VETOED: RSI overbought (78.0)]",,,,,,False
2026-07-21T16:44:00+00:00,TSLA,380.67,HOLD,0.284,"[HOLD conf=0.28] ORB=HOLD(0.00), VWAP=BUY(0.51), EMA=BUY(0.42)",,,,,,False
2026-07-21T16:44:00+00:00,ABT,100.74,HOLD,0.348,"[HOLD conf=0.35] ORB=HOLD(0.00), VWAP=SELL(0.65), EMA=SELL(0.48) [VETOED: long_only mode]",,,,,,False
2026-07-21T16:44:00+00:00,FAST,44.76,HOLD,0.043,"[HOLD conf=0.04] ORB=HOLD(0.00), VWAP=SELL(0.53), EMA=BUY(0.57) [VETOED: long_only mode]",,,,,,False
2026-07-21T16:44:00+00:00,CMG,33.485,HOLD,0.334,"[HOLD conf=0.33] ORB=HOLD(0.00), VWAP=BUY(0.62), EMA=BUY(0.47)",,,,,,False
2026-07-21T16:44:00+00:00,META,647.92,HOLD,0.284,"[HOLD conf=0.28] ORB=HOLD(0.00), VWAP=BUY(0.52), EMA=BUY(0.41)",,,,,,False
2026-07-21T16:44:00+00:00,MDLZ,59.725,HOLD,0.314,"[HOLD conf=0.31] ORB=HOLD(0.00), VWAP=BUY(0.59), EMA=BUY(0.43)",,,,,,False
2026-07-21T16:44:00+00:00,WMT,109.975,HOLD,0.156,"[HOLD conf=0.16] ORB=SELL(0.68), VWAP=BUY(0.76), EMA=SELL(0.60) [VETOED: long_only mode]",,,,,,False
2026-07-21T16:44:00+00:00,PYPL,55.855,HOLD,0.328,"[HOLD conf=0.33] ORB=HOLD(0.00), VWAP=SELL(0.63), EMA=SELL(0.43) [VETOED: long_only mode]",,,,,,False
2026-07-21T16:44:00+00:00,C,133.29,HOLD,0.083,"[HOLD conf=0.08] ORB=BUY(0.59), VWAP=SELL(0.90), EMA=BUY(0.65) [VETOED: RSI overbought (74.1)]",,,,,,False
2026-07-21T16:44:00+00:00,AMD,539.16,HOLD,0.185,"[HOLD conf=0.18] ORB=BUY(0.59), VWAP=SELL(0.61), EMA=BUY(0.65)",,,,,,False
2026-07-21T16:44:00+00:00,KO,82.095,HOLD,0.328,"[HOLD conf=0.33] ORB=HOLD(0.00), VWAP=BUY(0.63), EMA=BUY(0.43)",,,,,,False
2026-07-21T16:44:00+00:00,GOOGL,349.69,HOLD,0.325,"[HOLD conf=0.33] ORB=HOLD(0.00), VWAP=BUY(0.60), EMA=BUY(0.46)",,,,,,False
2026-07-21T16:44:00+00:00,NFLX,66.82,HOLD,0.21,"[HOLD conf=0.21] ORB=SELL(0.61), VWAP=BUY(0.56), EMA=SELL(0.65) [VETOED: long_only mode]",,,,,,False
2026-07-21T16:49:00+00:00,KO,82.065,HOLD,0.314,"[HOLD conf=0.31] ORB=HOLD(0.00), VWAP=BUY(0.59), EMA=BUY(0.43)",,,,,,False
2026-07-21T16:49:00+00:00,PYPL,55.705,HOLD,0.148,"[HOLD conf=0.15] ORB=HOLD(0.00), VWAP=BUY(0.76), EMA=SELL(0.47)",,,,,,False
2026-07-21T16:49:00+00:00,FCX,62.52,HOLD,0.106,"[HOLD conf=0.11] ORB=BUY(0.69), VWAP=SELL(0.95), EMA=BUY(0.65) [VETOED: RSI overbought (79.8)]",,,,,,False
2026-07-21T16:49:00+00:00,C,133.235,HOLD,0.108,"[HOLD conf=0.11] ORB=BUY(0.59), VWAP=SELL(0.83), EMA=BUY(0.65) [VETOED: RSI overbought (79.3)]",,,,,,False
2026-07-21T16:49:00+00:00,TSLA,381.01,HOLD,0.294,"[HOLD conf=0.29] ORB=HOLD(0.00), VWAP=BUY(0.54), EMA=BUY(0.42)",,,,,,False
2026-07-21T16:49:00+00:00,MDT,82.52,HOLD,0.262,"[HOLD conf=0.26] ORB=HOLD(0.00), VWAP=BUY(0.45), EMA=BUY(0.42)",,,,,,False
2026-07-21T16:49:00+00:00,WMT,109.915,HOLD,0.16,"[HOLD conf=0.16] ORB=SELL(0.70), VWAP=BUY(0.78), EMA=SELL(0.61) [VETOED: long_only mode]",,,,,,False
2026-07-21T16:49:00+00:00,GOOGL,349.36,HOLD,0.294,"[HOLD conf=0.29] ORB=HOLD(0.00), VWAP=BUY(0.52), EMA=BUY(0.45)",,,,,,False
2026-07-21T16:49:00+00:00,META,648.32,HOLD,0.314,"[HOLD conf=0.31] ORB=HOLD(0.00), VWAP=BUY(0.59), EMA=BUY(0.43)",,,,,,False
2026-07-21T16:49:00+00:00,NFLX,66.865,HOLD,0.224,"[HOLD conf=0.22] ORB=SELL(0.60), VWAP=BUY(0.51), EMA=SELL(0.65) [VETOED: long_only mode]",,,,,,False
2026-07-21T16:49:00+00:00,MDLZ,59.68,HOLD,0.298,"[HOLD conf=0.30] ORB=HOLD(0.00), VWAP=BUY(0.55), EMA=BUY(0.42)",,,,,,False
2026-07-21T16:49:00+00:00,FAST,44.79,HOLD,0.057,"[HOLD conf=0.06] ORB=HOLD(0.00), VWAP=SELL(0.57), EMA=BUY(0.57) [VETOED: long_only mode]",,,,,,False
2026-07-21T16:49:00+00:00,AMD,540.67,HOLD,0.177,"[HOLD conf=0.18] ORB=BUY(0.63), VWAP=SELL(0.68), EMA=BUY(0.65) [VETOED: RSI overbought (70.8)]",,,,,,False
2026-07-21T16:49:00+00:00,AMZN,247.67,HOLD,0.274,"[HOLD conf=0.27] ORB=HOLD(0.00), VWAP=SELL(0.47), EMA=SELL(0.44) [VETOED: long_only mode]",,,,,,False
2026-07-21T16:49:00+00:00,MU,976.03,HOLD,0.269,"[HOLD conf=0.27] ORB=BUY(0.80), VWAP=SELL(0.61), EMA=BUY(0.65) [VETOED: RSI overbought (77.0)]",,,,,,False
2026-07-21T16:49:00+00:00,XOM,150.79,HOLD,0.31,"[HOLD conf=0.31] ORB=HOLD(0.00), VWAP=BUY(0.57), EMA=BUY(0.44)",,,,,,False
2026-07-21T16:49:00+00:00,ABT,100.735,HOLD,0.352,"[HOLD conf=0.35] ORB=HOLD(0.00), VWAP=SELL(0.65), EMA=SELL(0.50) [VETOED: long_only mode]",,,,,,False
2026-07-21T16:49:00+00:00,CMG,33.51,HOLD,0.348,"[HOLD conf=0.35] ORB=HOLD(0.00), VWAP=BUY(0.65), EMA=BUY(0.48)",,,,,,False
2026-07-21T16:49:00+00:00,SCHW,102.19,HOLD,0.099,"[HOLD conf=0.10] ORB=HOLD(0.00), VWAP=SELL(0.57), EMA=BUY(0.40) [VETOED: long_only mode]",,,,,,False
2026-07-21T16:49:00+00:00,LRCX,322.88,HOLD,0.39,"[HOLD conf=0.39] ORB=HOLD(0.00), VWAP=BUY(0.65), EMA=BUY(0.65)",,,,,,False
2026-07-21T16:54:00+00:00,AMZN,248.11,HOLD,0.125,"[HOLD conf=0.12] ORB=HOLD(0.00), VWAP=BUY(0.65), EMA=SELL(0.41)",,,,,,False
2026-07-21T16:54:00+00:00,SCHW,102.28,HOLD,0.364,"[HOLD conf=0.36] ORB=HOLD(0.00), VWAP=SELL(0.54), EMA=SELL(0.70) [VETOED: long_only mode]",,,,,,False
2026-07-21T16:54:00+00:00,MDLZ,59.645,HOLD,0.284,"[HOLD conf=0.28] ORB=HOLD(0.00), VWAP=BUY(0.52), EMA=BUY(0.41)",,,,,,False
2026-07-21T16:54:00+00:00,TSLA,381.05,HOLD,0.292,"[HOLD conf=0.29] ORB=HOLD(0.00), VWAP=BUY(0.54), EMA=BUY(0.41)",,,,,,False
2026-07-21T16:54:00+00:00,KO,82.035,HOLD,0.298,"[HOLD conf=0.30] ORB=HOLD(0.00), VWAP=BUY(0.55), EMA=BUY(0.42)",,,,,,False
2026-07-21T16:54:00+00:00,MU,978.15,HOLD,0.266,"[HOLD conf=0.27] ORB=BUY(0.80), VWAP=SELL(0.62), EMA=BUY(0.65) [VETOED: RSI overbought (82.1)]",,,,,,False
2026-07-21T16:54:00+00:00,AMD,542.39,HOLD,0.165,"[HOLD conf=0.17] ORB=BUY(0.67), VWAP=SELL(0.76), EMA=BUY(0.65) [VETOED: RSI overbought (73.2)]",,,,,,False
2026-07-21T16:54:00+00:00,CMG,33.505,HOLD,0.35,"[HOLD conf=0.35] ORB=HOLD(0.00), VWAP=BUY(0.65), EMA=BUY(0.49)",,,,,,False
2026-07-21T16:54:00+00:00,WMT,109.905,HOLD,0.166,"[HOLD conf=0.17] ORB=SELL(0.70), VWAP=BUY(0.76), EMA=SELL(0.61) [VETOED: long_only mode]",,,,,,False
2026-07-21T16:54:00+00:00,MDT,82.52,HOLD,0.258,"[HOLD conf=0.26] ORB=HOLD(0.00), VWAP=BUY(0.45), EMA=BUY(0.40)",,,,,,False
2026-07-21T16:54:00+00:00,META,650.25,HOLD,0.18,"[HOLD conf=0.18] ORB=HOLD(0.00), VWAP=SELL(0.85), EMA=BUY(0.47) [VETOED: long_only mode]",,,,,,False
2026-07-21T16:54:00+00:00,GOOGL,349.45,HOLD,0.302,"[HOLD conf=0.30] ORB=HOLD(0.00), VWAP=BUY(0.54), EMA=BUY(0.45)",,,,,,False
2026-07-21T16:54:00+00:00,LRCX,323.74,HOLD,0.404,"[HOLD conf=0.40] ORB=HOLD(0.00), VWAP=BUY(0.69), EMA=BUY(0.65)",,,,,,False
2026-07-21T16:54:00+00:00,NFLX,66.865,HOLD,0.648,"[HOLD conf=0.65] ORB=SELL(0.60), VWAP=SELL(0.70), EMA=SELL(0.65) [VETOED: long_only mode]",,,,,,False
2026-07-21T16:54:00+00:00,FCX,62.59,HOLD,0.114,"[HOLD conf=0.11] ORB=BUY(0.71), VWAP=SELL(0.95), EMA=BUY(0.65) [VETOED: RSI overbought (86.2)]",,,,,,False
2026-07-21T16:54:00+00:00,ABT,100.705,HOLD,0.358,"[HOLD conf=0.36] ORB=HOLD(0.00), VWAP=SELL(0.66), EMA=SELL(0.51) [VETOED: long_only mode]",,,,,,False
2026-07-21T16:54:00+00:00,C,133.415,HOLD,0.074,"[HOLD conf=0.07] ORB=BUY(0.61), VWAP=SELL(0.95), EMA=BUY(0.65) [VETOED: RSI overbought (80.6)]",,,,,,False
2026-07-21T16:54:00+00:00,XOM,150.77,HOLD,0.301,"[HOLD conf=0.30] ORB=HOLD(0.00), VWAP=BUY(0.56), EMA=BUY(0.42)",,,,,,False
2026-07-21T16:54:00+00:00,PYPL,55.765,HOLD,0.086,"[HOLD conf=0.09] ORB=HOLD(0.00), VWAP=BUY(0.59), EMA=SELL(0.48)",,,,,,False
2026-07-21T16:54:00+00:00,FAST,44.78,HOLD,0.049,"[HOLD conf=0.05] ORB=HOLD(0.00), VWAP=SELL(0.54), EMA=BUY(0.56) [VETOED: long_only mode]",,,,,,False
2026-07-21T16:59:00+00:00,NFLX,66.905,HOLD,0.632,"[HOLD conf=0.63] ORB=SELL(0.58), VWAP=SELL(0.68), EMA=SELL(0.65) [VETOED: long_only mode]",,,,,,False
2026-07-21T16:59:00+00:00,SCHW,102.375,HOLD,0.28,"[HOLD conf=0.28] ORB=HOLD(0.00), VWAP=SELL(0.50), EMA=SELL(0.42) [VETOED: long_only mode]",,,,,,False
2026-07-21T16:59:00+00:00,FCX,62.5,HOLD,0.116,"[HOLD conf=0.12] ORB=BUY(0.69), VWAP=SELL(0.92), EMA=BUY(0.65) [VETOED: RSI overbought (77.0)]",,,,,,False
2026-07-21T16:59:00+00:00,CMG,33.51,HOLD,0.354,"[HOLD conf=0.35] ORB=HOLD(0.00), VWAP=BUY(0.66), EMA=BUY(0.49)",,,,,,False
2026-07-21T16:59:00+00:00,MDLZ,59.63,HOLD,0.004,"[HOLD conf=0.00] ORB=HOLD(0.00), VWAP=BUY(0.51), EMA=SELL(0.70)",,,,,,False
2026-07-21T16:59:00+00:00,WMT,109.995,HOLD,0.188,"[HOLD conf=0.19] ORB=SELL(0.68), VWAP=BUY(0.67), EMA=SELL(0.60) [VETOED: long_only mode]",,,,,,False
2026-07-21T16:59:00+00:00,AMZN,248.125,HOLD,0.385,"[HOLD conf=0.39] ORB=HOLD(0.00), VWAP=BUY(0.60), EMA=BUY(0.70)",,,,,,False
2026-07-21T16:59:00+00:00,META,648.03,HOLD,0.297,"[HOLD conf=0.30] ORB=HOLD(0.00), VWAP=BUY(0.52), EMA=BUY(0.46)",,,,,,False
2026-07-21T16:59:00+00:00,MU,977.125,HOLD,0.28,"[HOLD conf=0.28] ORB=BUY(0.80), VWAP=SELL(0.58), EMA=BUY(0.65) [VETOED: RSI overbought (77.5)]",,,,,,False
2026-07-21T16:59:00+00:00,GOOGL,349.43,HOLD,0.296,"[HOLD conf=0.30] ORB=HOLD(0.00), VWAP=BUY(0.53), EMA=BUY(0.44)",,,,,,False
2026-07-21T16:59:00+00:00,C,133.42,HOLD,0.084,"[HOLD conf=0.08] ORB=BUY(0.61), VWAP=SELL(0.92), EMA=BUY(0.65) [VETOED: RSI overbought (79.0)]",,,,,,False
2026-07-21T16:59:00+00:00,XOM,150.615,HOLD,0.007,"[HOLD conf=0.01] ORB=HOLD(0.00), VWAP=BUY(0.48), EMA=SELL(0.70) [VETOED: long_only mode]",,,,,,False
2026-07-21T16:59:00+00:00,LRCX,322.84,HOLD,0.38,"[HOLD conf=0.38] ORB=HOLD(0.00), VWAP=BUY(0.62), EMA=BUY(0.65)",,,,,,False
2026-07-21T16:59:00+00:00,KO,82.025,HOLD,0.292,"[HOLD conf=0.29] ORB=HOLD(0.00), VWAP=BUY(0.54), EMA=BUY(0.41)",,,,,,False
2026-07-21T16:59:00+00:00,FAST,44.765,HOLD,0.041,"[HOLD conf=0.04] ORB=HOLD(0.00), VWAP=SELL(0.51), EMA=BUY(0.55) [VETOED: long_only mode]",,,,,,False
2026-07-21T16:59:00+00:00,AMD,541.4,HOLD,0.191,"[HOLD conf=0.19] ORB=BUY(0.64), VWAP=SELL(0.65), EMA=BUY(0.65) [VETOED: RSI overbought (75.2)]",,,,,,False
2026-07-21T16:59:00+00:00,PYPL,55.7,HOLD,0.141,"[HOLD conf=0.14] ORB=HOLD(0.00), VWAP=BUY(0.76), EMA=SELL(0.50)",,,,,,False
2026-07-21T16:59:00+00:00,MDT,82.41,HOLD,0.402,"[HOLD conf=0.40] ORB=HOLD(0.00), VWAP=SELL(0.65), EMA=SELL(0.70) [VETOED: long_only mode]",,,,,,False
2026-07-21T16:59:00+00:00,ABT,100.51,HOLD,0.067,"[HOLD conf=0.07] ORB=HOLD(0.00), VWAP=BUY(0.57), EMA=SELL(0.53)",,,,,,False
2026-07-21T16:59:00+00:00,TSLA,380.785,HOLD,0.278,"[HOLD conf=0.28] ORB=HOLD(0.00), VWAP=BUY(0.51), EMA=BUY(0.40)",,,,,,False
2026-07-21T17:04:00+00:00,SCHW,102.33,HOLD,0.29,"[HOLD conf=0.29] ORB=HOLD(0.00), VWAP=SELL(0.52), EMA=SELL(0.43) [VETOED: long_only mode]",,,,,,False
2026-07-21T17:04:00+00:00,TSLA,380.905,HOLD,0.007,"[HOLD conf=0.01] ORB=HOLD(0.00), VWAP=BUY(0.52), EMA=SELL(0.70)",,,,,,False
2026-07-21T17:04:00+00:00,PYPL,55.71,HOLD,0.128,"[HOLD conf=0.13] ORB=HOLD(0.00), VWAP=BUY(0.73), EMA=SELL(0.51)",,,,,,False
2026-07-21T17:04:00+00:00,FCX,62.45,HOLD,0.13,"[HOLD conf=0.13] ORB=BUY(0.67), VWAP=SELL(0.86), EMA=BUY(0.65) [VETOED: RSI overbought (70.9)]",,,,,,False
2026-07-21T17:04:00+00:00,KO,81.965,HOLD,0.261,"[HOLD conf=0.26] ORB=HOLD(0.00), VWAP=BUY(0.46), EMA=BUY(0.40)",,,,,,False
2026-07-21T17:04:00+00:00,MU,980.85,HOLD,0.262,"[HOLD conf=0.26] ORB=BUY(0.80), VWAP=SELL(0.63), EMA=BUY(0.65) [VETOED: RSI overbought (81.8)]",,,,,,False
2026-07-21T17:04:00+00:00,META,646.72,HOLD,0.12,"[HOLD conf=0.12] ORB=HOLD(0.00), VWAP=SELL(0.65), EMA=BUY(0.43) [VETOED: long_only mode]",,,,,,False
2026-07-21T17:04:00+00:00,MDT,82.43,HOLD,0.286,"[HOLD conf=0.29] ORB=HOLD(0.00), VWAP=SELL(0.51), EMA=SELL(0.43) [VETOED: long_only mode]",,,,,,False
2026-07-21T17:04:00+00:00,GOOGL,349.385,HOLD,0.29,"[HOLD conf=0.29] ORB=HOLD(0.00), VWAP=BUY(0.52), EMA=BUY(0.43)",,,,,,False
2026-07-21T17:04:00+00:00,NFLX,66.905,HOLD,0.629,"[HOLD conf=0.63] ORB=SELL(0.58), VWAP=SELL(0.67), EMA=SELL(0.65) [VETOED: long_only mode]",,,,,,False
2026-07-21T17:04:00+00:00,XOM,150.74,HOLD,0.087,"[HOLD conf=0.09] ORB=HOLD(0.00), VWAP=BUY(0.54), EMA=SELL(0.41)",,,,,,False
2026-07-21T17:04:00+00:00,CMG,33.52,HOLD,0.36,"[HOLD conf=0.36] ORB=HOLD(0.00), VWAP=BUY(0.67), EMA=BUY(0.50)",,,,,,False
2026-07-21T17:04:00+00:00,C,133.445,HOLD,0.088,"[HOLD conf=0.09] ORB=BUY(0.61), VWAP=SELL(0.91), EMA=BUY(0.65) [VETOED: RSI overbought (81.9)]",,,,,,False
2026-07-21T17:04:00+00:00,WMT,110.055,HOLD,0.198,"[HOLD conf=0.20] ORB=SELL(0.66), VWAP=BUY(0.61), EMA=SELL(0.59) [VETOED: long_only mode]",,,,,,False
2026-07-21T17:04:00+00:00,MDLZ,59.615,HOLD,0.069,"[HOLD conf=0.07] ORB=HOLD(0.00), VWAP=BUY(0.49), EMA=SELL(0.41)",,,,,,False
2026-07-21T17:04:00+00:00,AMD,542.72,HOLD,0.19,"[HOLD conf=0.19] ORB=BUY(0.68), VWAP=SELL(0.70), EMA=BUY(0.65) [VETOED: RSI overbought (77.0)]",,,,,,False
2026-07-21T17:04:00+00:00,AMZN,247.98,HOLD,0.294,"[HOLD conf=0.29] ORB=HOLD(0.00), VWAP=BUY(0.54), EMA=BUY(0.42)",,,,,,False
2026-07-21T17:04:00+00:00,ABT,100.405,HOLD,0.077,"[HOLD conf=0.08] ORB=HOLD(0.00), VWAP=BUY(0.62), EMA=SELL(0.56)",,,,,,False
2026-07-21T17:09:00+00:00,WMT,109.945,HOLD,0.183,"[HOLD conf=0.18] ORB=SELL(0.69), VWAP=BUY(0.68), EMA=SELL(0.58) [VETOED: long_only mode]",,,,,,False
2026-07-21T17:09:00+00:00,PYPL,55.65,HOLD,0.032,"[HOLD conf=0.03] ORB=SELL(0.51), VWAP=BUY(0.87), EMA=SELL(0.53) [VETOED: long_only mode]",,,,,,False
2026-07-21T17:09:00+00:00,AMZN,248.02,HOLD,0.304,"[HOLD conf=0.30] ORB=HOLD(0.00), VWAP=BUY(0.56), EMA=BUY(0.43)",,,,,,False
2026-07-21T17:09:00+00:00,GOOGL,349.03,HOLD,0.122,"[HOLD conf=0.12] ORB=HOLD(0.00), VWAP=SELL(0.65), EMA=BUY(0.42) [VETOED: long_only mode]",,,,,,False
2026-07-21T17:09:00+00:00,SCHW,102.195,HOLD,0.312,"[HOLD conf=0.31] ORB=HOLD(0.00), VWAP=SELL(0.57), EMA=SELL(0.45) [VETOED: long_only mode]",,,,,,False
2026-07-21T17:09:00+00:00,ABT,100.33,HOLD,0.08,"[HOLD conf=0.08] ORB=HOLD(0.00), VWAP=BUY(0.65), EMA=SELL(0.59)",,,,,,False
2026-07-21T17:09:00+00:00,META,646.305,HOLD,0.395,"[HOLD conf=0.40] ORB=HOLD(0.00), VWAP=SELL(0.63), EMA=SELL(0.70) [VETOED: long_only mode]",,,,,,False
2026-07-21T17:09:00+00:00,TSLA,380.465,HOLD,0.063,"[HOLD conf=0.06] ORB=HOLD(0.00), VWAP=BUY(0.48), EMA=SELL(0.42)",,,,,,False
2026-07-21T17:09:00+00:00,NFLX,66.87,HOLD,0.633,"[HOLD conf=0.63] ORB=SELL(0.59), VWAP=SELL(0.67), EMA=SELL(0.65) [VETOED: long_only mode]",,,,,,False
2026-07-21T17:09:00+00:00,LRCX,323.31,HOLD,0.39,"[HOLD conf=0.39] ORB=HOLD(0.00), VWAP=BUY(0.65), EMA=BUY(0.65)",,,,,,False
2026-07-21T17:09:00+00:00,C,133.46,HOLD,0.089,"[HOLD conf=0.09] ORB=BUY(0.61), VWAP=SELL(0.90), EMA=BUY(0.64) [VETOED: RSI overbought (81.2)]",,,,,,False
2026-07-21T17:09:00+00:00,MU,979.15,HOLD,0.28,"[HOLD conf=0.28] ORB=BUY(0.80), VWAP=SELL(0.58), EMA=BUY(0.65) [VETOED: RSI overbought (83.8)]",,,,,,False
2026-07-21T17:09:00+00:00,MDLZ,59.595,HOLD,0.057,"[HOLD conf=0.06] ORB=HOLD(0.00), VWAP=BUY(0.47), EMA=SELL(0.43)",,,,,,False
2026-07-21T17:09:00+00:00,MDT,82.43,HOLD,0.285,"[HOLD conf=0.28] ORB=HOLD(0.00), VWAP=SELL(0.50), EMA=SELL(0.44) [VETOED: long_only mode]",,,,,,False
2026-07-21T17:09:00+00:00,FAST,44.725,HOLD,0.364,"[HOLD conf=0.36] ORB=HOLD(0.00), VWAP=BUY(0.66), EMA=BUY(0.53)",,,,,,False
2026-07-21T17:09:00+00:00,KO,81.935,HOLD,0.402,"[HOLD conf=0.40] ORB=HOLD(0.00), VWAP=SELL(0.65), EMA=SELL(0.70) [VETOED: long_only mode]",,,,,,False
2026-07-21T17:09:00+00:00,XOM,150.92,HOLD,0.32,"[HOLD conf=0.32] ORB=BUY(0.50), VWAP=BUY(0.63), EMA=SELL(0.40)",,,,,,False
2026-07-21T17:09:00+00:00,AMD,542.165,HOLD,0.206,"[HOLD conf=0.21] ORB=BUY(0.66), VWAP=SELL(0.63), EMA=BUY(0.65) [VETOED: RSI overbought (83.1)]",,,,,,False
2026-07-21T17:09:00+00:00,CMG,33.535,HOLD,0.369,"[HOLD conf=0.37] ORB=HOLD(0.00), VWAP=BUY(0.69), EMA=BUY(0.51)",,,,,,False
2026-07-21T17:14:00+00:00,NFLX,66.835,HOLD,0.638,"[HOLD conf=0.64] ORB=SELL(0.60), VWAP=SELL(0.68), EMA=SELL(0.64) [VETOED: long_only mode]",,,,,,False
2026-07-21T17:14:00+00:00,WMT,110.095,HOLD,0.204,"[HOLD conf=0.20] ORB=SELL(0.65), VWAP=BUY(0.56), EMA=SELL(0.56) [VETOED: long_only mode]",,,,,,False
2026-07-21T17:14:00+00:00,KO,81.98,HOLD,0.125,"[HOLD conf=0.12] ORB=HOLD(0.00), VWAP=BUY(0.65), EMA=SELL(0.41)",,,,,,False
2026-07-21T17:14:00+00:00,SCHW,102.06,HOLD,0.334,"[HOLD conf=0.33] ORB=HOLD(0.00), VWAP=SELL(0.62), EMA=SELL(0.47) [VETOED: long_only mode]",,,,,,False
2026-07-21T17:14:00+00:00,C,133.4,HOLD,0.109,"[HOLD conf=0.11] ORB=BUY(0.61), VWAP=SELL(0.83), EMA=BUY(0.62) [VETOED: RSI overbought (74.4)]",,,,,,False
2026-07-21T17:14:00+00:00,FCX,62.46,HOLD,0.134,"[HOLD conf=0.13] ORB=BUY(0.68), VWAP=SELL(0.86), EMA=BUY(0.65) [VETOED: RSI overbought (70.2)]",,,,,,False
2026-07-21T17:14:00+00:00,PYPL,55.615,HOLD,0.017,"[HOLD conf=0.02] ORB=SELL(0.52), VWAP=BUY(0.94), EMA=SELL(0.55) [VETOED: long_only mode]",,,,,,False
2026-07-21T17:14:00+00:00,AMD,540.77,HOLD,0.232,"[HOLD conf=0.23] ORB=BUY(0.63), VWAP=SELL(0.52), EMA=BUY(0.65) [VETOED: RSI overbought (78.1)]",,,,,,False
2026-07-21T17:14:00+00:00,TSLA,379.67,HOLD,0.34,"[HOLD conf=0.34] ORB=HOLD(0.00), VWAP=SELL(0.65), EMA=SELL(0.45) [VETOED: long_only mode]",,,,,,False
2026-07-21T17:14:00+00:00,ABT,100.22,HOLD,0.085,"[HOLD conf=0.09] ORB=HOLD(0.00), VWAP=BUY(0.68), EMA=SELL(0.61)",,,,,,False
2026-07-21T17:14:00+00:00,GOOGL,349.15,HOLD,0.33,"[HOLD conf=0.33] ORB=HOLD(0.00), VWAP=BUY(0.65), EMA=BUY(0.41)",,,,,,False
2026-07-21T17:14:00+00:00,MU,974.73,BUY,0.728,"[BUY conf=0.73] ORB=BUY(0.80), VWAP=BUY(0.70), EMA=BUY(0.65)",974.73,967.76,988.67,76,529.65,True
2026-07-21T17:14:00+00:00,FAST,44.765,HOLD,0.045,"[HOLD conf=0.04] ORB=HOLD(0.00), VWAP=SELL(0.50), EMA=BUY(0.52) [VETOED: long_only mode]",,,,,,False
2026-07-21T17:14:00+00:00,XOM,150.84,HOLD,0.106,"[HOLD conf=0.11] ORB=HOLD(0.00), VWAP=BUY(0.59), EMA=SELL(0.40)",,,,,,False
2026-07-21T17:14:00+00:00,MDT,82.395,HOLD,0.298,"[HOLD conf=0.30] ORB=HOLD(0.00), VWAP=SELL(0.53), EMA=SELL(0.45) [VETOED: long_only mode]",,,,,,False
2026-07-21T17:14:00+00:00,CMG,33.545,HOLD,0.153,"[HOLD conf=0.15] ORB=BUY(0.50), VWAP=SELL(0.50), EMA=BUY(0.51)",,,,,,False
2026-07-21T17:14:00+00:00,AMZN,248.35,HOLD,0.35,"[HOLD conf=0.35] ORB=HOLD(0.00), VWAP=BUY(0.68), EMA=BUY(0.45)",,,,,,False
2026-07-21T17:14:00+00:00,LRCX,323.3,HOLD,0.39,"[HOLD conf=0.39] ORB=HOLD(0.00), VWAP=BUY(0.65), EMA=BUY(0.65)",,,,,,False
2026-07-21T17:14:00+00:00,MDLZ,59.525,HOLD,0.34,"[HOLD conf=0.34] ORB=HOLD(0.00), VWAP=SELL(0.65), EMA=SELL(0.45) [VETOED: long_only mode]",,,,,,False
2026-07-21T17:19:00+00:00,KO,81.975,HOLD,0.059,"[HOLD conf=0.06] ORB=HOLD(0.00), VWAP=BUY(0.47), EMA=SELL(0.42)",,,,,,False
2026-07-21T17:19:00+00:00,MDLZ,59.48,HOLD,0.303,"[HOLD conf=0.30] ORB=HOLD(0.00), VWAP=SELL(0.53), EMA=SELL(0.47) [VETOED: long_only mode]",,,,,,False
2026-07-21T17:19:00+00:00,PYPL,55.69,HOLD,0.117,"[HOLD conf=0.12] ORB=HOLD(0.00), VWAP=BUY(0.72), EMA=SELL(0.54)",,,,,,False
2026-07-21T17:19:00+00:00,FAST,44.745,HOLD,0.363,"[HOLD conf=0.36] ORB=HOLD(0.00), VWAP=BUY(0.68), EMA=BUY(0.50)",,,,,,False
2026-07-21T17:19:00+00:00,SCHW,102.055,HOLD,0.34,"[HOLD conf=0.34] ORB=HOLD(0.00), VWAP=SELL(0.62), EMA=SELL(0.49) [VETOED: long_only mode]",,,,,,False
2026-07-21T17:19:00+00:00,MU,974.005,BUY,0.724,"[BUY conf=0.72] ORB=BUY(0.80), VWAP=BUY(0.69), EMA=BUY(0.65)",974.005,967.39,987.24,76,503.02,False
2026-07-21T17:19:00+00:00,CMG,33.545,HOLD,0.155,"[HOLD conf=0.15] ORB=BUY(0.50), VWAP=SELL(0.50), EMA=BUY(0.52) [VETOED: RSI overbought (72.7)]",,,,,,False
2026-07-21T17:19:00+00:00,C,133.35,HOLD,0.12,"[HOLD conf=0.12] ORB=BUY(0.60), VWAP=SELL(0.78), EMA=BUY(0.61)",,,,,,False
2026-07-21T17:19:00+00:00,AMZN,248.215,HOLD,0.33,"[HOLD conf=0.33] ORB=HOLD(0.00), VWAP=BUY(0.62), EMA=BUY(0.45)",,,,,,False
2026-07-21T17:19:00+00:00,AMD,541.73,HOLD,0.226,"[HOLD conf=0.23] ORB=BUY(0.65), VWAP=SELL(0.56), EMA=BUY(0.65) [VETOED: RSI overbought (77.1)]",,,,,,False
2026-07-21T17:19:00+00:00,ABT,100.16,HOLD,0.078,"[HOLD conf=0.08] ORB=HOLD(0.00), VWAP=BUY(0.68), EMA=SELL(0.64)",,,,,,False
2026-07-21T17:19:00+00:00,GOOGL,349.2,HOLD,0.264,"[HOLD conf=0.26] ORB=HOLD(0.00), VWAP=BUY(0.47), EMA=BUY(0.40)",,,,,,False
2026-07-21T17:19:00+00:00,XOM,150.68,HOLD,0.074,"[HOLD conf=0.07] ORB=HOLD(0.00), VWAP=BUY(0.51), EMA=SELL(0.42)",,,,,,False
2026-07-21T17:19:00+00:00,FCX,62.39,HOLD,0.15,"[HOLD conf=0.15] ORB=BUY(0.66), VWAP=SELL(0.79), EMA=BUY(0.65)",,,,,,False
2026-07-21T17:19:00+00:00,WMT,110.03,HOLD,0.196,"[HOLD conf=0.20] ORB=SELL(0.67), VWAP=BUY(0.60), EMA=SELL(0.55) [VETOED: long_only mode]",,,,,,False
2026-07-21T17:19:00+00:00,MDT,82.37,HOLD,0.304,"[HOLD conf=0.30] ORB=HOLD(0.00), VWAP=SELL(0.54), EMA=SELL(0.46) [VETOED: long_only mode]",,,,,,False
2026-07-21T17:19:00+00:00,TSLA,379.64,HOLD,0.295,"[HOLD conf=0.29] ORB=HOLD(0.00), VWAP=SELL(0.50), EMA=SELL(0.48) [VETOED: long_only mode]",,,,,,False
2026-07-21T17:19:00+00:00,META,646.34,HOLD,0.322,"[HOLD conf=0.32] ORB=HOLD(0.00), VWAP=SELL(0.62), EMA=SELL(0.42) [VETOED: long_only mode]",,,,,,False
2026-07-21T17:19:00+00:00,NFLX,66.925,HOLD,0.608,"[HOLD conf=0.61] ORB=SELL(0.58), VWAP=SELL(0.64), EMA=SELL(0.61) [VETOED: long_only mode]",,,,,,False
2026-07-21T17:24:00+00:00,META,646.37,HOLD,0.324,"[HOLD conf=0.32] ORB=HOLD(0.00), VWAP=SELL(0.61), EMA=SELL(0.44) [VETOED: long_only mode]",,,,,,False
2026-07-21T17:24:00+00:00,XOM,150.74,HOLD,0.084,"[HOLD conf=0.08] ORB=HOLD(0.00), VWAP=BUY(0.54), EMA=SELL(0.42)",,,,,,False
2026-07-21T17:24:00+00:00,SCHW,102.12,HOLD,0.332,"[HOLD conf=0.33] ORB=HOLD(0.00), VWAP=SELL(0.59), EMA=SELL(0.50) [VETOED: long_only mode]",,,,,,False
2026-07-21T17:24:00+00:00,FCX,62.38,HOLD,0.149,"[HOLD conf=0.15] ORB=BUY(0.66), VWAP=SELL(0.78), EMA=BUY(0.63)",,,,,,False
2026-07-21T17:24:00+00:00,WMT,110.0,HOLD,0.19,"[HOLD conf=0.19] ORB=SELL(0.68), VWAP=BUY(0.62), EMA=SELL(0.54) [VETOED: long_only mode]",,,,,,False
2026-07-21T17:24:00+00:00,GOOGL,349.17,HOLD,0.014,"[HOLD conf=0.01] ORB=HOLD(0.00), VWAP=BUY(0.46), EMA=SELL(0.70) [VETOED: long_only mode]",,,,,,False
2026-07-21T17:24:00+00:00,PYPL,55.785,HOLD,0.368,"[HOLD conf=0.37] ORB=HOLD(0.00), VWAP=SELL(0.68), EMA=SELL(0.52) [VETOED: long_only mode]",,,,,,False
2026-07-21T17:24:00+00:00,MDLZ,59.485,HOLD,0.306,"[HOLD conf=0.31] ORB=HOLD(0.00), VWAP=SELL(0.53), EMA=SELL(0.48) [VETOED: long_only mode]",,,,,,False
2026-07-21T17:24:00+00:00,C,133.3,HOLD,0.126,"[HOLD conf=0.13] ORB=BUY(0.60), VWAP=SELL(0.74), EMA=BUY(0.58)",,,,,,False
2026-07-21T17:24:00+00:00,ABT,100.28,HOLD,0.039,"[HOLD conf=0.04] ORB=HOLD(0.00), VWAP=BUY(0.57), EMA=SELL(0.64)",,,,,,False
2026-07-21T17:24:00+00:00,TSLA,379.71,HOLD,0.294,"[HOLD conf=0.29] ORB=HOLD(0.00), VWAP=SELL(0.49), EMA=SELL(0.49) [VETOED: long_only mode]",,,,,,False
2026-07-21T17:24:00+00:00,AMZN,248.6,HOLD,0.096,"[HOLD conf=0.10] ORB=HOLD(0.00), VWAP=SELL(0.61), EMA=BUY(0.47) [VETOED: long_only mode]",,,,,,False
2026-07-21T17:24:00+00:00,NFLX,66.905,HOLD,0.607,"[HOLD conf=0.61] ORB=SELL(0.58), VWAP=SELL(0.65), EMA=SELL(0.59) [VETOED: long_only mode]",,,,,,False
2026-07-21T17:24:00+00:00,MU,974.525,BUY,0.724,"[BUY conf=0.72] ORB=BUY(0.80), VWAP=BUY(0.69), EMA=BUY(0.65)",974.525,968.05,987.47,76,492.07,False
2026-07-21T17:24:00+00:00,AMD,541.33,HOLD,0.233,"[HOLD conf=0.23] ORB=BUY(0.64), VWAP=SELL(0.53), EMA=BUY(0.65) [VETOED: RSI overbought (74.8)]",,,,,,False
2026-07-21T17:24:00+00:00,KO,81.99,HOLD,0.066,"[HOLD conf=0.07] ORB=HOLD(0.00), VWAP=BUY(0.49), EMA=SELL(0.42)",,,,,,False
2026-07-21T17:24:00+00:00,MDT,82.44,HOLD,0.286,"[HOLD conf=0.29] ORB=HOLD(0.00), VWAP=SELL(0.49), EMA=SELL(0.46) [VETOED: long_only mode]",,,,,,False
2026-07-21T17:24:00+00:00,CMG,33.625,HOLD,0.098,"[HOLD conf=0.10] ORB=BUY(0.52), VWAP=SELL(0.70), EMA=BUY(0.54) [VETOED: RSI overbought (72.0)]",,,,,,False
2026-07-21T17:24:00+00:00,LRCX,322.52,HOLD,0.372,"[HOLD conf=0.37] ORB=HOLD(0.00), VWAP=BUY(0.60), EMA=BUY(0.65)",,,,,,False
2026-07-21T17:29:00+00:00,LRCX,322.26,HOLD,0.356,"[HOLD conf=0.36] ORB=HOLD(0.00), VWAP=BUY(0.58), EMA=BUY(0.61)",,,,,,False
2026-07-21T17:29:00+00:00,SCHW,102.27,HOLD,0.306,"[HOLD conf=0.31] ORB=HOLD(0.00), VWAP=SELL(0.53), EMA=SELL(0.48) [VETOED: long_only mode]",,,,,,False
2026-07-21T17:29:00+00:00,META,646.65,HOLD,0.31,"[HOLD conf=0.31] ORB=HOLD(0.00), VWAP=SELL(0.57), EMA=SELL(0.44) [VETOED: long_only mode]",,,,,,False
2026-07-21T17:29:00+00:00,AMD,543.38,HOLD,0.218,"[HOLD conf=0.22] ORB=BUY(0.69), VWAP=SELL(0.63), EMA=BUY(0.65) [VETOED: RSI overbought (76.1)]",,,,,,False
2026-07-21T17:29:00+00:00,MDLZ,59.59,HOLD,0.11,"[HOLD conf=0.11] ORB=HOLD(0.00), VWAP=BUY(0.65), EMA=SELL(0.47)",,,,,,False
2026-07-21T17:29:00+00:00,FCX,62.41,HOLD,0.137,"[HOLD conf=0.14] ORB=BUY(0.66), VWAP=SELL(0.80), EMA=BUY(0.61)",,,,,,False
2026-07-21T17:29:00+00:00,MU,975.095,BUY,0.724,"[BUY conf=0.72] ORB=BUY(0.80), VWAP=BUY(0.69), EMA=BUY(0.65)",975.095,968.98,987.32,76,464.47,False
2026-07-21T17:29:00+00:00,WMT,110.11,HOLD,0.205,"[HOLD conf=0.20] ORB=SELL(0.65), VWAP=BUY(0.53), EMA=SELL(0.52) [VETOED: long_only mode]",,,,,,False
2026-07-21T17:29:00+00:00,NFLX,66.945,HOLD,0.668,"[HOLD conf=0.67] ORB=SELL(0.77), VWAP=SELL(0.62), EMA=SELL(0.57) [VETOED: long_only mode]",,,,,,False
2026-07-21T17:29:00+00:00,FAST,44.785,HOLD,0.064,"[HOLD conf=0.06] ORB=HOLD(0.00), VWAP=SELL(0.54), EMA=BUY(0.50) [VETOED: long_only mode]",,,,,,False
2026-07-21T17:29:00+00:00,ABT,100.2,HOLD,0.05,"[HOLD conf=0.05] ORB=HOLD(0.00), VWAP=BUY(0.60), EMA=SELL(0.64)",,,,,,False
2026-07-21T17:29:00+00:00,TSLA,379.465,HOLD,0.306,"[HOLD conf=0.31] ORB=HOLD(0.00), VWAP=SELL(0.51), EMA=SELL(0.51) [VETOED: long_only mode]",,,,,,False
2026-07-21T17:29:00+00:00,PYPL,55.755,HOLD,0.068,"[HOLD conf=0.07] ORB=HOLD(0.00), VWAP=BUY(0.55), EMA=SELL(0.50)",,,,,,False
2026-07-21T17:29:00+00:00,KO,82.04,HOLD,0.09,"[HOLD conf=0.09] ORB=HOLD(0.00), VWAP=BUY(0.55), EMA=SELL(0.41)",,,,,,False
2026-07-21T17:29:00+00:00,MDT,82.375,HOLD,0.303,"[HOLD conf=0.30] ORB=HOLD(0.00), VWAP=SELL(0.53), EMA=SELL(0.47) [VETOED: long_only mode]",,,,,,False
2026-07-21T17:29:00+00:00,XOM,150.67,HOLD,0.067,"[HOLD conf=0.07] ORB=HOLD(0.00), VWAP=BUY(0.50), EMA=SELL(0.43)",,,,,,False
2026-07-21T17:29:00+00:00,AMZN,248.615,HOLD,0.084,"[HOLD conf=0.08] ORB=HOLD(0.00), VWAP=SELL(0.59), EMA=BUY(0.49) [VETOED: long_only mode]",,,,,,False
2026-07-21T17:29:00+00:00,C,133.24,HOLD,0.135,"[HOLD conf=0.14] ORB=BUY(0.59), VWAP=SELL(0.69), EMA=BUY(0.56)",,,,,,False
2026-07-21T17:29:00+00:00,GOOGL,349.13,HOLD,0.057,"[HOLD conf=0.06] ORB=HOLD(0.00), VWAP=BUY(0.45), EMA=SELL(0.40)",,,,,,False
2026-07-21T17:34:00+00:00,GOOGL,349.29,HOLD,0.075,"[HOLD conf=0.07] ORB=HOLD(0.00), VWAP=BUY(0.50), EMA=SELL(0.40)",,,,,,False
2026-07-21T17:34:00+00:00,META,645.32,HOLD,0.085,"[HOLD conf=0.09] ORB=HOLD(0.00), VWAP=BUY(0.58), EMA=SELL(0.47)",,,,,,False
2026-07-21T17:34:00+00:00,ABT,100.05,HOLD,0.136,"[HOLD conf=0.14] ORB=SELL(0.52), VWAP=BUY(0.67), EMA=SELL(0.65) [VETOED: long_only mode]",,,,,,False
2026-07-21T17:34:00+00:00,AMD,543.235,HOLD,0.228,"[HOLD conf=0.23] ORB=BUY(0.69), VWAP=SELL(0.60), EMA=BUY(0.65) [VETOED: RSI overbought (71.2)]",,,,,,False
2026-07-21T17:34:00+00:00,MU,974.52,BUY,0.724,"[BUY conf=0.72] ORB=BUY(0.80), VWAP=BUY(0.69), EMA=BUY(0.65)",974.52,968.43,986.69,76,462.51,False
2026-07-21T17:34:00+00:00,CMG,33.56,HOLD,0.15,"[HOLD conf=0.15] ORB=BUY(0.51), VWAP=SELL(0.54), EMA=BUY(0.54) [VETOED: RSI overbought (70.1)]",,,,,,False
2026-07-21T17:34:00+00:00,LRCX,322.05,HOLD,0.342,"[HOLD conf=0.34] ORB=HOLD(0.00), VWAP=BUY(0.57), EMA=BUY(0.57)",,,,,,False
2026-07-21T17:34:00+00:00,NFLX,66.965,HOLD,0.572,"[HOLD conf=0.57] ORB=SELL(0.56), VWAP=SELL(0.61), EMA=SELL(0.54) [VETOED: long_only mode]",,,,,,False
2026-07-21T17:34:00+00:00,XOM,150.745,HOLD,0.082,"[HOLD conf=0.08] ORB=HOLD(0.00), VWAP=BUY(0.54), EMA=SELL(0.43)",,,,,,False
2026-07-21T17:34:00+00:00,C,133.165,HOLD,0.144,"[HOLD conf=0.14] ORB=BUY(0.58), VWAP=SELL(0.63), EMA=BUY(0.53)",,,,,,False
2026-07-21T17:34:00+00:00,MDLZ,59.62,HOLD,0.06,"[HOLD conf=0.06] ORB=HOLD(0.00), VWAP=BUY(0.50), EMA=SELL(0.46)",,,,,,False
2026-07-21T17:34:00+00:00,PYPL,55.675,HOLD,0.062,"[HOLD conf=0.06] ORB=SELL(0.50), VWAP=BUY(0.76), EMA=SELL(0.51) [VETOED: long_only mode]",,,,,,False
2026-07-21T17:34:00+00:00,FAST,44.785,HOLD,0.06,"[HOLD conf=0.06] ORB=HOLD(0.00), VWAP=SELL(0.53), EMA=BUY(0.50) [VETOED: long_only mode]",,,,,,False
2026-07-21T17:34:00+00:00,WMT,110.115,HOLD,0.206,"[HOLD conf=0.21] ORB=SELL(0.65), VWAP=BUY(0.52), EMA=SELL(0.51) [VETOED: long_only mode]",,,,,,False
2026-07-21T17:34:00+00:00,KO,82.01,HOLD,0.076,"[HOLD conf=0.08] ORB=HOLD(0.00), VWAP=BUY(0.51), EMA=SELL(0.41)",,,,,,False
2026-07-21T17:34:00+00:00,FCX,62.375,HOLD,0.146,"[HOLD conf=0.15] ORB=BUY(0.66), VWAP=SELL(0.76), EMA=BUY(0.59)",,,,,,False
2026-07-21T17:34:00+00:00,SCHW,102.15,HOLD,0.323,"[HOLD conf=0.32] ORB=HOLD(0.00), VWAP=SELL(0.58), EMA=SELL(0.48) [VETOED: long_only mode]",,,,,,False
2026-07-21T17:34:00+00:00,TSLA,379.51,HOLD,0.308,"[HOLD conf=0.31] ORB=HOLD(0.00), VWAP=SELL(0.51), EMA=SELL(0.52) [VETOED: long_only mode]",,,,,,False
2026-07-21T17:34:00+00:00,AMZN,248.315,HOLD,0.34,"[HOLD conf=0.34] ORB=HOLD(0.00), VWAP=BUY(0.63), EMA=BUY(0.48) [VETOED: RSI overbought (71.4)]",,,,,,False
2026-07-21T17:34:00+00:00,MDT,82.37,HOLD,0.306,"[HOLD conf=0.31] ORB=HOLD(0.00), VWAP=SELL(0.54), EMA=SELL(0.47) [VETOED: long_only mode]",,,,,,False
2026-07-21T17:39:00+00:00,NFLX,66.975,HOLD,0.568,"[HOLD conf=0.57] ORB=SELL(0.56), VWAP=SELL(0.61), EMA=SELL(0.52) [VETOED: long_only mode]",,,,,,False
2026-07-21T17:39:00+00:00,META,646.98,HOLD,0.294,"[HOLD conf=0.29] ORB=HOLD(0.00), VWAP=SELL(0.51), EMA=SELL(0.46) [VETOED: long_only mode]",,,,,,False
2026-07-21T17:39:00+00:00,KO,82.07,HOLD,0.106,"[HOLD conf=0.11] ORB=HOLD(0.00), VWAP=BUY(0.59), EMA=SELL(0.40)",,,,,,False
2026-07-21T17:39:00+00:00,PYPL,55.695,HOLD,0.12,"[HOLD conf=0.12] ORB=HOLD(0.00), VWAP=BUY(0.70), EMA=SELL(0.50)",,,,,,False
2026-07-21T17:39:00+00:00,AMD,543.8,HOLD,0.229,"[HOLD conf=0.23] ORB=BUY(0.70), VWAP=SELL(0.61), EMA=BUY(0.65) [VETOED: RSI overbought (70.3)]",,,,,,False
2026-07-21T17:39:00+00:00,FCX,62.36,HOLD,0.141,"[HOLD conf=0.14] ORB=BUY(0.65), VWAP=SELL(0.74), EMA=BUY(0.56)",,,,,,False
2026-07-21T17:39:00+00:00,FAST,44.775,HOLD,0.056,"[HOLD conf=0.06] ORB=HOLD(0.00), VWAP=SELL(0.51), EMA=BUY(0.49) [VETOED: long_only mode]",,,,,,False
2026-07-21T17:39:00+00:00,ABT,100.15,HOLD,0.16,"[HOLD conf=0.16] ORB=SELL(0.50), VWAP=BUY(0.58), EMA=SELL(0.65) [VETOED: long_only mode]",,,,,,False
2026-07-21T17:39:00+00:00,GOOGL,349.25,HOLD,0.071,"[HOLD conf=0.07] ORB=HOLD(0.00), VWAP=BUY(0.49), EMA=SELL(0.40)",,,,,,False
2026-07-21T17:39:00+00:00,XOM,150.87,HOLD,0.102,"[HOLD conf=0.10] ORB=HOLD(0.00), VWAP=BUY(0.59), EMA=SELL(0.42)",,,,,,False
2026-07-21T17:39:00+00:00,CMG,33.545,HOLD,0.577,"[HOLD conf=0.58] ORB=BUY(0.50), VWAP=BUY(0.70), EMA=BUY(0.53)",,,,,,False
2026-07-21T17:39:00+00:00,C,133.225,HOLD,0.132,"[HOLD conf=0.13] ORB=BUY(0.59), VWAP=SELL(0.67), EMA=BUY(0.52)",,,,,,False
2026-07-21T17:39:00+00:00,SCHW,102.145,HOLD,0.323,"[HOLD conf=0.32] ORB=HOLD(0.00), VWAP=SELL(0.58), EMA=SELL(0.48) [VETOED: long_only mode]",,,,,,False
2026-07-21T17:39:00+00:00,MU,973.04,BUY,0.717,"[BUY conf=0.72] ORB=BUY(0.80), VWAP=BUY(0.67), EMA=BUY(0.65)",973.04,966.93,985.27,76,464.71,False
2026-07-21T17:39:00+00:00,TSLA,380.165,HOLD,0.102,"[HOLD conf=0.10] ORB=HOLD(0.00), VWAP=BUY(0.65), EMA=SELL(0.50)",,,,,,False
2026-07-21T17:39:00+00:00,WMT,110.265,HOLD,0.591,"[HOLD conf=0.59] ORB=SELL(0.61), VWAP=SELL(0.65), EMA=SELL(0.48) [VETOED: long_only mode]",,,,,,False
2026-07-21T17:39:00+00:00,AMZN,248.46,HOLD,0.36,"[HOLD conf=0.36] ORB=HOLD(0.00), VWAP=BUY(0.68), EMA=BUY(0.49) [VETOED: RSI overbought (71.6)]",,,,,,False
2026-07-21T17:39:00+00:00,LRCX,321.915,HOLD,0.331,"[HOLD conf=0.33] ORB=HOLD(0.00), VWAP=BUY(0.56), EMA=BUY(0.54)",,,,,,False
2026-07-21T17:39:00+00:00,MDLZ,59.725,HOLD,0.102,"[HOLD conf=0.10] ORB=HOLD(0.00), VWAP=BUY(0.60), EMA=SELL(0.43)",,,,,,False
2026-07-21T17:39:00+00:00,MDT,82.39,HOLD,0.3,"[HOLD conf=0.30] ORB=HOLD(0.00), VWAP=SELL(0.52), EMA=SELL(0.47) [VETOED: long_only mode]",,,,,,False
2026-07-21T17:44:00+00:00,MU,973.74,BUY,0.72,"[BUY conf=0.72] ORB=BUY(0.80), VWAP=BUY(0.68), EMA=BUY(0.65)",973.74,968.06,985.11,76,432.02,False
2026-07-21T17:44:00+00:00,XOM,150.875,HOLD,0.108,"[HOLD conf=0.11] ORB=HOLD(0.00), VWAP=BUY(0.60), EMA=SELL(0.41)",,,,,,False
2026-07-21T17:44:00+00:00,C,133.19,HOLD,0.133,"[HOLD conf=0.13] ORB=BUY(0.58), VWAP=SELL(0.64), EMA=BUY(0.50)",,,,,,False
2026-07-21T17:44:00+00:00,META,647.99,HOLD,0.12,"[HOLD conf=0.12] ORB=HOLD(0.00), VWAP=BUY(0.65), EMA=SELL(0.43)",,,,,,False
2026-07-21T17:44:00+00:00,ABT,100.25,HOLD,0.402,"[HOLD conf=0.40] ORB=HOLD(0.00), VWAP=SELL(0.70), EMA=SELL(0.63) [VETOED: long_only mode]",,,,,,False
2026-07-21T17:44:00+00:00,PYPL,55.725,HOLD,0.094,"[HOLD conf=0.09] ORB=HOLD(0.00), VWAP=BUY(0.62), EMA=SELL(0.49)",,,,,,False
2026-07-21T17:44:00+00:00,GOOGL,349.14,HOLD,0.055,"[HOLD conf=0.06] ORB=HOLD(0.00), VWAP=BUY(0.45), EMA=SELL(0.41)",,,,,,False
2026-07-21T17:44:00+00:00,KO,82.15,HOLD,0.624,"[HOLD conf=0.62] ORB=BUY(0.51), VWAP=BUY(0.70), EMA=BUY(0.70)",,,,,,False
2026-07-21T17:44:00+00:00,WMT,110.245,HOLD,0.59,"[HOLD conf=0.59] ORB=SELL(0.61), VWAP=SELL(0.66), EMA=SELL(0.46) [VETOED: long_only mode]",,,,,,False
2026-07-21T17:44:00+00:00,FCX,62.3,HOLD,0.154,"[HOLD conf=0.15] ORB=BUY(0.64), VWAP=SELL(0.67), EMA=BUY(0.53)",,,,,,False
2026-07-21T17:44:00+00:00,NFLX,67.08,HOLD,0.534,"[HOLD conf=0.53] ORB=SELL(0.53), VWAP=SELL(0.57), EMA=SELL(0.49) [VETOED: long_only mode]",,,,,,False
2026-07-21T17:44:00+00:00,AMD,543.015,HOLD,0.239,"[HOLD conf=0.24] ORB=BUY(0.68), VWAP=SELL(0.56), EMA=BUY(0.65)",,,,,,False
2026-07-21T17:44:00+00:00,TSLA,379.69,HOLD,0.352,"[HOLD conf=0.35] ORB=HOLD(0.00), VWAP=SELL(0.65), EMA=SELL(0.50) [VETOED: long_only mode]",,,,,,False
2026-07-21T17:44:00+00:00,MDLZ,59.77,HOLD,0.399,"[HOLD conf=0.40] ORB=HOLD(0.00), VWAP=BUY(0.64), EMA=BUY(0.70)",,,,,,False
2026-07-21T17:44:00+00:00,FAST,44.8,HOLD,0.07,"[HOLD conf=0.07] ORB=HOLD(0.00), VWAP=SELL(0.55), EMA=BUY(0.49) [VETOED: long_only mode]",,,,,,False
2026-07-21T17:44:00+00:00,MDT,82.41,HOLD,0.294,"[HOLD conf=0.29] ORB=HOLD(0.00), VWAP=SELL(0.51), EMA=SELL(0.46) [VETOED: long_only mode]",,,,,,False
2026-07-21T17:44:00+00:00,AMZN,248.43,HOLD,0.354,"[HOLD conf=0.35] ORB=HOLD(0.00), VWAP=BUY(0.66), EMA=BUY(0.49)",,,,,,False
2026-07-21T17:44:00+00:00,SCHW,101.985,HOLD,0.346,"[HOLD conf=0.35] ORB=HOLD(0.00), VWAP=SELL(0.63), EMA=SELL(0.50) [VETOED: long_only mode]",,,,,,False
2026-07-21T17:44:00+00:00,CMG,33.59,HOLD,0.12,"[HOLD conf=0.12] ORB=BUY(0.51), VWAP=SELL(0.62), EMA=BUY(0.53) [VETOED: RSI overbought (71.6)]",,,,,,False
2026-07-21T17:49:00+00:00,MDLZ,59.81,HOLD,0.346,"[HOLD conf=0.35] ORB=HOLD(0.00), VWAP=BUY(0.68), EMA=BUY(0.43)",,,,,,False
2026-07-21T17:49:00+00:00,MU,974.44,BUY,0.72,"[BUY conf=0.72] ORB=BUY(0.80), VWAP=BUY(0.68), EMA=BUY(0.65)",974.44,969.09,985.13,76,406.37,False
2026-07-21T17:49:00+00:00,KO,82.135,HOLD,0.55,"[HOLD conf=0.55] ORB=BUY(0.51), VWAP=BUY(0.68), EMA=BUY(0.43)",,,,,,False
2026-07-21T17:49:00+00:00,NFLX,67.125,HOLD,0.509,"[HOLD conf=0.51] ORB=SELL(0.51), VWAP=SELL(0.55), EMA=SELL(0.45) [VETOED: long_only mode]",,,,,,False
2026-07-21T17:49:00+00:00,FCX,62.37,HOLD,0.134,"[HOLD conf=0.13] ORB=BUY(0.65), VWAP=SELL(0.73), EMA=BUY(0.52)",,,,,,False
2026-07-21T17:49:00+00:00,META,647.09,HOLD,0.335,"[HOLD conf=0.34] ORB=HOLD(0.00), VWAP=SELL(0.65), EMA=SELL(0.43) [VETOED: long_only mode]",,,,,,False
2026-07-21T17:49:00+00:00,MDT,82.395,HOLD,0.297,"[HOLD conf=0.30] ORB=HOLD(0.00), VWAP=SELL(0.52), EMA=SELL(0.46) [VETOED: long_only mode]",,,,,,False
2026-07-21T17:49:00+00:00,AMD,543.72,HOLD,0.236,"[HOLD conf=0.24] ORB=BUY(0.70), VWAP=SELL(0.59), EMA=BUY(0.65)",,,,,,False
2026-07-21T17:49:00+00:00,TSLA,380.255,HOLD,0.107,"[HOLD conf=0.11] ORB=HOLD(0.00), VWAP=BUY(0.65), EMA=SELL(0.48)",,,,,,False
2026-07-21T17:49:00+00:00,C,133.16,HOLD,0.135,"[HOLD conf=0.14] ORB=BUY(0.58), VWAP=SELL(0.62), EMA=BUY(0.48)",,,,,,False
2026-07-21T17:49:00+00:00,FAST,44.79,HOLD,0.063,"[HOLD conf=0.06] ORB=HOLD(0.00), VWAP=SELL(0.53), EMA=BUY(0.49) [VETOED: long_only mode]",,,,,,False
2026-07-21T17:49:00+00:00,ABT,100.18,HOLD,0.027,"[HOLD conf=0.03] ORB=HOLD(0.00), VWAP=BUY(0.52), EMA=SELL(0.62)",,,,,,False
2026-07-21T17:49:00+00:00,PYPL,55.68,HOLD,0.064,"[HOLD conf=0.06] ORB=SELL(0.50), VWAP=BUY(0.74), EMA=SELL(0.49) [VETOED: long_only mode]",,,,,,False
2026-07-21T17:49:00+00:00,SCHW,101.98,HOLD,0.348,"[HOLD conf=0.35] ORB=HOLD(0.00), VWAP=SELL(0.63), EMA=SELL(0.51) [VETOED: long_only mode]",,,,,,False
2026-07-21T17:49:00+00:00,WMT,110.325,HOLD,0.564,"[HOLD conf=0.56] ORB=SELL(0.59), VWAP=SELL(0.63), EMA=SELL(0.43) [VETOED: long_only mode]",,,,,,False
2026-07-21T17:49:00+00:00,AMZN,248.705,HOLD,0.084,"[HOLD conf=0.08] ORB=HOLD(0.00), VWAP=SELL(0.59), EMA=BUY(0.49) [VETOED: long_only mode]",,,,,,False
2026-07-21T17:49:00+00:00,GOOGL,349.11,HOLD,0.33,"[HOLD conf=0.33] ORB=HOLD(0.00), VWAP=SELL(0.65), EMA=SELL(0.41) [VETOED: long_only mode]",,,,,,False
2026-07-21T17:49:00+00:00,XOM,150.91,HOLD,0.113,"[HOLD conf=0.11] ORB=HOLD(0.00), VWAP=BUY(0.61), EMA=SELL(0.40)",,,,,,False
2026-07-21T17:54:00+00:00,XOM,151.13,HOLD,0.202,"[HOLD conf=0.20] ORB=BUY(0.53), VWAP=SELL(0.53), EMA=BUY(0.70)",,,,,,False
2026-07-21T17:54:00+00:00,CMG,33.535,HOLD,0.366,"[HOLD conf=0.37] ORB=HOLD(0.00), VWAP=BUY(0.68), EMA=BUY(0.51)",,,,,,False
2026-07-21T17:54:00+00:00,KO,82.15,HOLD,0.559,"[HOLD conf=0.56] ORB=BUY(0.51), VWAP=BUY(0.70), EMA=BUY(0.44)",,,,,,False
2026-07-21T17:54:00+00:00,AMZN,248.655,HOLD,0.06,"[HOLD conf=0.06] ORB=HOLD(0.00), VWAP=SELL(0.53), EMA=BUY(0.50) [VETOED: long_only mode]",,,,,,False
2026-07-21T17:54:00+00:00,NFLX,67.135,HOLD,0.498,"[HOLD conf=0.50] ORB=SELL(0.51), VWAP=SELL(0.54), EMA=SELL(0.42) [VETOED: long_only mode]",,,,,,False
2026-07-21T17:54:00+00:00,FAST,44.785,HOLD,0.062,"[HOLD conf=0.06] ORB=HOLD(0.00), VWAP=SELL(0.52), EMA=BUY(0.48) [VETOED: long_only mode]",,,,,,False
2026-07-21T17:54:00+00:00,SCHW,101.36,HOLD,0.114,"[HOLD conf=0.11] ORB=HOLD(0.00), VWAP=BUY(0.74), EMA=SELL(0.58)",,,,,,False
2026-07-21T17:54:00+00:00,C,133.1,HOLD,0.148,"[HOLD conf=0.15] ORB=BUY(0.58), VWAP=SELL(0.57), EMA=BUY(0.46)",,,,,,False
2026-07-21T17:54:00+00:00,WMT,110.295,HOLD,0.569,"[HOLD conf=0.57] ORB=SELL(0.60), VWAP=SELL(0.64), EMA=SELL(0.42) [VETOED: long_only mode]",,,,,,False
2026-07-21T17:54:00+00:00,TSLA,379.31,HOLD,0.352,"[HOLD conf=0.35] ORB=HOLD(0.00), VWAP=SELL(0.65), EMA=SELL(0.50) [VETOED: long_only mode]",,,,,,False
2026-07-21T17:54:00+00:00,MU,972.045,BUY,0.71,"[BUY conf=0.71] ORB=BUY(0.79), VWAP=BUY(0.66), EMA=BUY(0.65)",972.045,966.59,982.95,76,414.47,False
2026-07-21T17:54:00+00:00,LRCX,321.69,HOLD,0.314,"[HOLD conf=0.31] ORB=HOLD(0.00), VWAP=BUY(0.54), EMA=BUY(0.50)",,,,,,False
2026-07-21T17:54:00+00:00,MDLZ,59.81,HOLD,0.347,"[HOLD conf=0.35] ORB=HOLD(0.00), VWAP=BUY(0.67), EMA=BUY(0.45)",,,,,,False
2026-07-21T17:54:00+00:00,PYPL,55.695,HOLD,0.122,"[HOLD conf=0.12] ORB=HOLD(0.00), VWAP=BUY(0.70), EMA=SELL(0.49)",,,,,,False
2026-07-21T17:54:00+00:00,ABT,100.3,HOLD,0.384,"[HOLD conf=0.38] ORB=HOLD(0.00), VWAP=SELL(0.67), EMA=SELL(0.60) [VETOED: long_only mode]",,,,,,False
2026-07-21T17:54:00+00:00,FCX,62.385,HOLD,0.132,"[HOLD conf=0.13] ORB=BUY(0.66), VWAP=SELL(0.74), EMA=BUY(0.51)",,,,,,False
2026-07-21T17:54:00+00:00,MDT,82.39,HOLD,0.297,"[HOLD conf=0.30] ORB=HOLD(0.00), VWAP=SELL(0.52), EMA=SELL(0.46) [VETOED: long_only mode]",,,,,,False
2026-07-21T17:54:00+00:00,GOOGL,349.175,HOLD,0.125,"[HOLD conf=0.12] ORB=HOLD(0.00), VWAP=BUY(0.65), EMA=SELL(0.41)",,,,,,False
2026-07-21T17:54:00+00:00,AMD,543.135,HOLD,0.249,"[HOLD conf=0.25] ORB=BUY(0.69), VWAP=SELL(0.54), EMA=BUY(0.65)",,,,,,False
2026-07-21T17:54:00+00:00,META,647.5,HOLD,0.122,"[HOLD conf=0.12] ORB=HOLD(0.00), VWAP=BUY(0.65), EMA=SELL(0.42)",,,,,,False
2026-07-21T17:59:00+00:00,KO,82.155,HOLD,0.136,"[HOLD conf=0.14] ORB=BUY(0.51), VWAP=SELL(0.51), EMA=BUY(0.44)",,,,,,False
2026-07-21T17:59:00+00:00,META,647.48,HOLD,0.059,"[HOLD conf=0.06] ORB=HOLD(0.00), VWAP=BUY(0.46), EMA=SELL(0.41)",,,,,,False
2026-07-21T17:59:00+00:00,AMD,542.35,BUY,0.672,"[BUY conf=0.67] ORB=BUY(0.67), VWAP=BUY(0.69), EMA=BUY(0.65)",542.35,540.37,546.31,137,271.33,True
2026-07-21T17:59:00+00:00,TSLA,379.505,HOLD,0.3,"[HOLD conf=0.30] ORB=HOLD(0.00), VWAP=SELL(0.50), EMA=SELL(0.50) [VETOED: long_only mode]",,,,,,False
2026-07-21T17:59:00+00:00,AMZN,248.67,HOLD,0.057,"[HOLD conf=0.06] ORB=HOLD(0.00), VWAP=SELL(0.52), EMA=BUY(0.50) [VETOED: long_only mode]",,,,,,False
2026-07-21T17:59:00+00:00,PYPL,55.715,HOLD,0.104,"[HOLD conf=0.10] ORB=HOLD(0.00), VWAP=BUY(0.64), EMA=SELL(0.48)",,,,,,False
2026-07-21T17:59:00+00:00,C,132.94,HOLD,0.565,"[HOLD conf=0.56] ORB=BUY(0.56), VWAP=BUY(0.66), EMA=BUY(0.44)",,,,,,False
2026-07-21T17:59:00+00:00,CMG,33.57,HOLD,0.136,"[HOLD conf=0.14] ORB=BUY(0.51), VWAP=SELL(0.56), EMA=BUY(0.51)",,,,,,False
2026-07-21T17:59:00+00:00,MDLZ,59.855,HOLD,0.062,"[HOLD conf=0.06] ORB=HOLD(0.00), VWAP=SELL(0.52), EMA=BUY(0.48) [VETOED: long_only mode]",,,,,,False
2026-07-21T17:59:00+00:00,MU,972.47,BUY,0.707,"[BUY conf=0.71] ORB=BUY(0.79), VWAP=BUY(0.66), EMA=BUY(0.64)",972.47,967.08,983.24,76,409.42,False
2026-07-21T17:59:00+00:00,XOM,151.12,HOLD,0.14,"[HOLD conf=0.14] ORB=BUY(0.53), VWAP=SELL(0.52), EMA=BUY(0.44)",,,,,,False
2026-07-21T17:59:00+00:00,ABT,100.13,HOLD,0.166,"[HOLD conf=0.17] ORB=SELL(0.51), VWAP=BUY(0.53), EMA=SELL(0.59) [VETOED: long_only mode]",,,,,,False
2026-07-21T17:59:00+00:00,WMT,110.33,HOLD,0.556,"[HOLD conf=0.56] ORB=SELL(0.59), VWAP=SELL(0.63), EMA=SELL(0.40) [VETOED: long_only mode]",,,,,,False
2026-07-21T17:59:00+00:00,FAST,44.855,HOLD,0.105,"[HOLD conf=0.10] ORB=HOLD(0.00), VWAP=SELL(0.65), EMA=BUY(0.49) [VETOED: long_only mode]",,,,,,False
2026-07-21T17:59:00+00:00,NFLX,67.28,HOLD,0.007,"[HOLD conf=0.01] ORB=HOLD(0.00), VWAP=SELL(0.48), EMA=BUY(0.70) [VETOED: RSI overbought (84.9)]",,,,,,False
2026-07-21T17:59:00+00:00,MDT,82.41,HOLD,0.291,"[HOLD conf=0.29] ORB=HOLD(0.00), VWAP=SELL(0.51), EMA=SELL(0.45) [VETOED: long_only mode]",,,,,,False
2026-07-21T17:59:00+00:00,GOOGL,349.065,HOLD,0.33,"[HOLD conf=0.33] ORB=HOLD(0.00), VWAP=SELL(0.65), EMA=SELL(0.41) [VETOED: long_only mode]",,,,,,False
2026-07-21T17:59:00+00:00,SCHW,101.03,HOLD,0.107,"[HOLD conf=0.11] ORB=HOLD(0.00), VWAP=BUY(0.77), EMA=SELL(0.65)",,,,,,False
2026-07-21T17:59:00+00:00,LRCX,321.14,HOLD,0.294,"[HOLD conf=0.29] ORB=HOLD(0.00), VWAP=BUY(0.51), EMA=BUY(0.46)",,,,,,False
2026-07-21T18:04:00+00:00,MDLZ,59.805,HOLD,0.351,"[HOLD conf=0.35] ORB=HOLD(0.00), VWAP=BUY(0.66), EMA=BUY(0.48)",,,,,,False
2026-07-21T18:04:00+00:00,MU,976.3,BUY,0.724,"[BUY conf=0.72] ORB=BUY(0.80), VWAP=BUY(0.69), EMA=BUY(0.65)",976.3,971.04,986.83,76,400.1,False
2026-07-21T18:04:00+00:00,TSLA,380.37,HOLD,0.11,"[HOLD conf=0.11] ORB=HOLD(0.00), VWAP=BUY(0.65), EMA=SELL(0.47)",,,,,,False
2026-07-21T18:04:00+00:00,GOOGL,349.01,HOLD,0.273,"[HOLD conf=0.27] ORB=HOLD(0.00), VWAP=SELL(0.48), EMA=SELL(0.42) [VETOED: long_only mode]",,,,,,False
2026-07-21T18:04:00+00:00,AMZN,248.59,HOLD,0.36,"[HOLD conf=0.36] ORB=HOLD(0.00), VWAP=BUY(0.68), EMA=BUY(0.49)",,,,,,False
2026-07-21T18:04:00+00:00,FAST,44.805,HOLD,0.066,"[HOLD conf=0.07] ORB=HOLD(0.00), VWAP=SELL(0.54), EMA=BUY(0.49) [VETOED: long_only mode]",,,,,,False
2026-07-21T18:04:00+00:00,LRCX,321.305,HOLD,0.29,"[HOLD conf=0.29] ORB=HOLD(0.00), VWAP=BUY(0.52), EMA=BUY(0.43)",,,,,,False
2026-07-21T18:04:00+00:00,ABT,99.92,HOLD,0.145,"[HOLD conf=0.14] ORB=SELL(0.54), VWAP=BUY(0.64), EMA=SELL(0.61) [VETOED: long_only mode]",,,,,,False
2026-07-21T18:04:00+00:00,MDT,82.385,HOLD,0.294,"[HOLD conf=0.29] ORB=HOLD(0.00), VWAP=SELL(0.52), EMA=SELL(0.45) [VETOED: long_only mode]",,,,,,False
2026-07-21T18:04:00+00:00,XOM,150.85,HOLD,0.31,"[HOLD conf=0.31] ORB=HOLD(0.00), VWAP=BUY(0.58), EMA=BUY(0.43)",,,,,,False
2026-07-21T18:04:00+00:00,C,132.97,HOLD,0.567,"[HOLD conf=0.57] ORB=BUY(0.56), VWAP=BUY(0.68), EMA=BUY(0.42)",,,,,,False
2026-07-21T18:04:00+00:00,SCHW,101.07,HOLD,0.051,"[HOLD conf=0.05] ORB=HOLD(0.00), VWAP=BUY(0.61), EMA=SELL(0.65)",,,,,,False
2026-07-21T18:04:00+00:00,META,647.13,HOLD,0.33,"[HOLD conf=0.33] ORB=HOLD(0.00), VWAP=SELL(0.65), EMA=SELL(0.41) [VETOED: long_only mode]",,,,,,False
2026-07-21T18:04:00+00:00,WMT,110.3,HOLD,0.289,"[HOLD conf=0.29] ORB=SELL(0.60), VWAP=SELL(0.64), EMA=BUY(0.70) [VETOED: long_only mode]",,,,,,False
2026-07-21T18:04:00+00:00,FCX,62.44,HOLD,0.119,"[HOLD conf=0.12] ORB=BUY(0.67), VWAP=SELL(0.79), EMA=BUY(0.51)",,,,,,False
2026-07-21T18:04:00+00:00,KO,82.045,HOLD,0.3,"[HOLD conf=0.30] ORB=HOLD(0.00), VWAP=BUY(0.55), EMA=BUY(0.43)",,,,,,False
2026-07-21T18:04:00+00:00,CMG,33.595,HOLD,0.111,"[HOLD conf=0.11] ORB=BUY(0.51), VWAP=SELL(0.63), EMA=BUY(0.51)",,,,,,False
2026-07-21T18:04:00+00:00,NFLX,67.43,HOLD,0.347,"[HOLD conf=0.35] ORB=HOLD(0.00), VWAP=BUY(0.65), EMA=BUY(0.48) [VETOED: RSI overbought (87.9)]",,,,,,False
2026-07-21T18:04:00+00:00,AMD,542.735,HOLD,0.26,"[HOLD conf=0.26] ORB=BUY(0.68), VWAP=SELL(0.50), EMA=BUY(0.65)",,,,,,False
2026-07-21T18:04:00+00:00,PYPL,55.705,HOLD,0.117,"[HOLD conf=0.12] ORB=HOLD(0.00), VWAP=BUY(0.67), EMA=SELL(0.47)",,,,,,False
2026-07-21T18:09:00+00:00,AMD,543.06,HOLD,0.253,"[HOLD conf=0.25] ORB=BUY(0.68), VWAP=SELL(0.52), EMA=BUY(0.65)",,,,,,False
2026-07-21T18:09:00+00:00,TSLA,380.16,HOLD,0.042,"[HOLD conf=0.04] ORB=HOLD(0.00), VWAP=BUY(0.45), EMA=SELL(0.46)",,,,,,False
2026-07-21T18:09:00+00:00,ABT,100.02,HOLD,0.165,"[HOLD conf=0.17] ORB=SELL(0.53), VWAP=BUY(0.57), EMA=SELL(0.61) [VETOED: long_only mode]",,,,,,False
2026-07-21T18:09:00+00:00,C,132.98,HOLD,0.564,"[HOLD conf=0.56] ORB=BUY(0.56), VWAP=BUY(0.68), EMA=BUY(0.41)",,,,,,False
2026-07-21T18:09:00+00:00,AMZN,248.56,HOLD,0.354,"[HOLD conf=0.35] ORB=HOLD(0.00), VWAP=BUY(0.66), EMA=BUY(0.49)",,,,,,False
2026-07-21T18:09:00+00:00,KO,82.095,HOLD,0.324,"[HOLD conf=0.32] ORB=HOLD(0.00), VWAP=BUY(0.62), EMA=BUY(0.43)",,,,,,False
2026-07-21T18:09:00+00:00,FAST,44.8,HOLD,0.066,"[HOLD conf=0.07] ORB=HOLD(0.00), VWAP=SELL(0.53), EMA=BUY(0.48) [VETOED: long_only mode]",,,,,,False
2026-07-21T18:09:00+00:00,XOM,150.77,HOLD,0.292,"[HOLD conf=0.29] ORB=HOLD(0.00), VWAP=BUY(0.54), EMA=BUY(0.41)",,,,,,False
2026-07-21T18:09:00+00:00,GOOGL,349.06,HOLD,0.269,"[HOLD conf=0.27] ORB=HOLD(0.00), VWAP=SELL(0.47), EMA=SELL(0.42) [VETOED: long_only mode]",,,,,,False
2026-07-21T18:09:00+00:00,MDT,82.345,HOLD,0.302,"[HOLD conf=0.30] ORB=HOLD(0.00), VWAP=SELL(0.54), EMA=SELL(0.45) [VETOED: long_only mode]",,,,,,False
2026-07-21T18:09:00+00:00,NFLX,67.435,HOLD,0.298,"[HOLD conf=0.30] ORB=HOLD(0.00), VWAP=BUY(0.48), EMA=BUY(0.52) [VETOED: RSI overbought (87.3)]",,,,,,False
2026-07-21T18:09:00+00:00,WMT,110.51,HOLD,0.305,"[HOLD conf=0.30] ORB=SELL(0.54), VWAP=SELL(0.56), EMA=BUY(0.43) [VETOED: long_only mode]",,,,,,False
2026-07-21T18:09:00+00:00,FCX,62.45,HOLD,0.116,"[HOLD conf=0.12] ORB=BUY(0.67), VWAP=SELL(0.80), EMA=BUY(0.51)",,,,,,False
2026-07-21T18:09:00+00:00,PYPL,55.7,HOLD,0.12,"[HOLD conf=0.12] ORB=HOLD(0.00), VWAP=BUY(0.68), EMA=SELL(0.47)",,,,,,False
2026-07-21T18:09:00+00:00,META,646.88,HOLD,0.284,"[HOLD conf=0.28] ORB=HOLD(0.00), VWAP=SELL(0.52), EMA=SELL(0.41) [VETOED: long_only mode]",,,,,,False
2026-07-21T18:09:00+00:00,SCHW,101.04,HOLD,0.04,"[HOLD conf=0.04] ORB=HOLD(0.00), VWAP=BUY(0.58), EMA=SELL(0.65)",,,,,,False
2026-07-21T18:09:00+00:00,CMG,33.62,HOLD,0.097,"[HOLD conf=0.10] ORB=BUY(0.52), VWAP=SELL(0.69), EMA=BUY(0.52)",,,,,,False
2026-07-21T18:09:00+00:00,MDLZ,59.84,HOLD,0.364,"[HOLD conf=0.36] ORB=HOLD(0.00), VWAP=BUY(0.69), EMA=BUY(0.49)",,,,,,False
2026-07-21T18:09:00+00:00,MU,977.92,HOLD,0.304,"[HOLD conf=0.30] ORB=BUY(0.80), VWAP=SELL(0.51), EMA=BUY(0.65)",,,,,,False
2026-07-21T18:14:00+00:00,SCHW,100.45,HOLD,0.081,"[HOLD conf=0.08] ORB=SELL(0.54), VWAP=BUY(0.85), EMA=SELL(0.65) [VETOED: long_only mode]",,,,,,False
2026-07-21T18:14:00+00:00,TSLA,380.04,HOLD,0.34,"[HOLD conf=0.34] ORB=HOLD(0.00), VWAP=SELL(0.65), EMA=SELL(0.45) [VETOED: long_only mode]",,,,,,False
2026-07-21T18:14:00+00:00,META,646.765,HOLD,0.294,"[HOLD conf=0.29] ORB=HOLD(0.00), VWAP=SELL(0.54), EMA=SELL(0.42) [VETOED: long_only mode]",,,,,,False
2026-07-21T18:14:00+00:00,AMZN,248.535,HOLD,0.348,"[HOLD conf=0.35] ORB=HOLD(0.00), VWAP=BUY(0.65), EMA=BUY(0.48)",,,,,,False
2026-07-21T18:14:00+00:00,AMD,541.365,BUY,0.65,"[BUY conf=0.65] ORB=BUY(0.64), VWAP=BUY(0.66), EMA=BUY(0.65)",541.365,539.51,545.07,137,253.94,False
2026-07-21T18:14:00+00:00,NFLX,67.43,HOLD,0.303,"[HOLD conf=0.30] ORB=HOLD(0.00), VWAP=BUY(0.48), EMA=BUY(0.54) [VETOED: RSI overbought (86.7)]",,,,,,False
2026-07-21T18:14:00+00:00,LRCX,321.21,HOLD,0.278,"[HOLD conf=0.28] ORB=HOLD(0.00), VWAP=BUY(0.51), EMA=BUY(0.40)",,,,,,False
2026-07-21T18:14:00+00:00,MU,976.82,BUY,0.724,"[BUY conf=0.72] ORB=BUY(0.80), VWAP=BUY(0.69), EMA=BUY(0.65)",976.82,971.65,987.15,76,392.65,False
2026-07-21T18:14:00+00:00,PYPL,55.725,HOLD,0.098,"[HOLD conf=0.10] ORB=HOLD(0.00), VWAP=BUY(0.61), EMA=SELL(0.46)",,,,,,False
2026-07-21T18:14:00+00:00,KO,82.07,HOLD,0.31,"[HOLD conf=0.31] ORB=HOLD(0.00), VWAP=BUY(0.58), EMA=BUY(0.43)",,,,,,False
2026-07-21T18:14:00+00:00,MDT,82.39,HOLD,0.291,"[HOLD conf=0.29] ORB=HOLD(0.00), VWAP=SELL(0.51), EMA=SELL(0.45) [VETOED: long_only mode]",,,,,,False
2026-07-21T18:14:00+00:00,XOM,150.935,HOLD,0.522,"[HOLD conf=0.52] ORB=BUY(0.50), VWAP=BUY(0.62), EMA=BUY(0.42)",,,,,,False
2026-07-21T18:14:00+00:00,CMG,33.63,HOLD,0.092,"[HOLD conf=0.09] ORB=BUY(0.52), VWAP=SELL(0.71), EMA=BUY(0.53)",,,,,,False
2026-07-21T18:14:00+00:00,C,132.8,HOLD,0.255,"[HOLD conf=0.26] ORB=BUY(0.55), VWAP=BUY(0.60), EMA=SELL(0.70)",,,,,,False
2026-07-21T18:14:00+00:00,WMT,110.535,HOLD,0.289,"[HOLD conf=0.29] ORB=SELL(0.53), VWAP=SELL(0.54), EMA=BUY(0.45) [VETOED: long_only mode]",,,,,,False
2026-07-21T18:14:00+00:00,MDLZ,59.83,HOLD,0.357,"[HOLD conf=0.36] ORB=HOLD(0.00), VWAP=BUY(0.67), EMA=BUY(0.49)",,,,,,False
2026-07-21T18:14:00+00:00,GOOGL,348.97,HOLD,0.28,"[HOLD conf=0.28] ORB=HOLD(0.00), VWAP=SELL(0.50), EMA=SELL(0.42) [VETOED: long_only mode]",,,,,,False
2026-07-21T18:14:00+00:00,FCX,62.405,HOLD,0.127,"[HOLD conf=0.13] ORB=BUY(0.66), VWAP=SELL(0.75), EMA=BUY(0.50)",,,,,,False
2026-07-21T18:19:00+00:00,SCHW,100.67,HOLD,0.212,"[HOLD conf=0.21] ORB=SELL(0.72), VWAP=BUY(0.68), EMA=SELL(0.65) [VETOED: long_only mode]",,,,,,False
2026-07-21T18:19:00+00:00,AMD,541.445,HOLD,0.64,"[HOLD conf=0.64] ORB=BUY(0.64), VWAP=BUY(0.66), EMA=BUY(0.61)",,,,,,False
2026-07-21T18:19:00+00:00,ABT,100.03,HOLD,0.166,"[HOLD conf=0.17] ORB=SELL(0.52), VWAP=BUY(0.55), EMA=SELL(0.60) [VETOED: long_only mode]",,,,,,False
2026-07-21T18:19:00+00:00,KO,82.075,HOLD,0.312,"[HOLD conf=0.31] ORB=HOLD(0.00), VWAP=BUY(0.59), EMA=BUY(0.42)",,,,,,False
2026-07-21T18:19:00+00:00,XOM,150.825,HOLD,0.298,"[HOLD conf=0.30] ORB=HOLD(0.00), VWAP=BUY(0.56), EMA=BUY(0.41)",,,,,,False
2026-07-21T18:19:00+00:00,FAST,44.815,HOLD,0.076,"[HOLD conf=0.08] ORB=HOLD(0.00), VWAP=SELL(0.56), EMA=BUY(0.48) [VETOED: long_only mode]",,,,,,False
2026-07-21T18:19:00+00:00,NFLX,67.45,HOLD,0.312,"[HOLD conf=0.31] ORB=HOLD(0.00), VWAP=BUY(0.49), EMA=BUY(0.56) [VETOED: RSI overbought (91.4)]",,,,,,False
2026-07-21T18:19:00+00:00,FCX,62.45,HOLD,0.117,"[HOLD conf=0.12] ORB=BUY(0.67), VWAP=SELL(0.79), EMA=BUY(0.50)",,,,,,False
2026-07-21T18:19:00+00:00,GOOGL,348.89,HOLD,0.29,"[HOLD conf=0.29] ORB=HOLD(0.00), VWAP=SELL(0.52), EMA=SELL(0.43) [VETOED: long_only mode]",,,,,,False
2026-07-21T18:19:00+00:00,CMG,33.685,HOLD,0.056,"[HOLD conf=0.06] ORB=BUY(0.54), VWAP=SELL(0.85), EMA=BUY(0.55)",,,,,,False
2026-07-21T18:19:00+00:00,AMZN,248.505,HOLD,0.341,"[HOLD conf=0.34] ORB=HOLD(0.00), VWAP=BUY(0.64), EMA=BUY(0.47)",,,,,,False
2026-07-21T18:19:00+00:00,META,647.2,HOLD,0.27,"[HOLD conf=0.27] ORB=HOLD(0.00), VWAP=SELL(0.48), EMA=SELL(0.41) [VETOED: long_only mode]",,,,,,False
2026-07-21T18:19:00+00:00,C,132.905,HOLD,0.344,"[HOLD conf=0.34] ORB=BUY(0.56), VWAP=BUY(0.65), EMA=SELL(0.43)",,,,,,False
2026-07-21T18:19:00+00:00,MU,975.48,BUY,0.72,"[BUY conf=0.72] ORB=BUY(0.80), VWAP=BUY(0.68), EMA=BUY(0.65)",975.48,970.45,985.55,76,382.59,False
2026-07-21T18:19:00+00:00,TSLA,380.14,HOLD,0.117,"[HOLD conf=0.12] ORB=HOLD(0.00), VWAP=BUY(0.65), EMA=SELL(0.44)",,,,,,False
2026-07-21T18:19:00+00:00,MDLZ,59.77,HOLD,0.337,"[HOLD conf=0.34] ORB=HOLD(0.00), VWAP=BUY(0.62), EMA=BUY(0.48)",,,,,,False
2026-07-21T18:19:00+00:00,PYPL,55.7,HOLD,0.123,"[HOLD conf=0.12] ORB=HOLD(0.00), VWAP=BUY(0.68), EMA=SELL(0.46)",,,,,,False
2026-07-21T18:19:00+00:00,WMT,110.67,HOLD,0.051,"[HOLD conf=0.05] ORB=HOLD(0.00), VWAP=SELL(0.49), EMA=BUY(0.48) [VETOED: long_only mode]",,,,,,False
2026-07-21T18:24:00+00:00,AMD,543.09,HOLD,0.247,"[HOLD conf=0.25] ORB=BUY(0.68), VWAP=SELL(0.50), EMA=BUY(0.60)",,,,,,False
2026-07-21T18:24:00+00:00,META,647.07,HOLD,0.274,"[HOLD conf=0.27] ORB=HOLD(0.00), VWAP=SELL(0.49), EMA=SELL(0.41) [VETOED: long_only mode]",,,,,,False
2026-07-21T18:24:00+00:00,MDT,82.315,HOLD,0.311,"[HOLD conf=0.31] ORB=HOLD(0.00), VWAP=SELL(0.56), EMA=SELL(0.46) [VETOED: long_only mode]",,,,,,False
2026-07-21T18:24:00+00:00,C,132.93,HOLD,0.348,"[HOLD conf=0.35] ORB=BUY(0.56), VWAP=BUY(0.66), EMA=SELL(0.43)",,,,,,False
2026-07-21T18:24:00+00:00,XOM,150.86,HOLD,0.306,"[HOLD conf=0.31] ORB=HOLD(0.00), VWAP=BUY(0.58), EMA=BUY(0.41)",,,,,,False
2026-07-21T18:24:00+00:00,PYPL,55.72,HOLD,0.104,"[HOLD conf=0.10] ORB=HOLD(0.00), VWAP=BUY(0.62), EMA=SELL(0.45)",,,,,,False
2026-07-21T18:24:00+00:00,CMG,33.61,HOLD,0.119,"[HOLD conf=0.12] ORB=BUY(0.52), VWAP=SELL(0.64), EMA=BUY(0.54)",,,,,,False
2026-07-21T18:24:00+00:00,FCX,62.54,HOLD,0.096,"[HOLD conf=0.10] ORB=BUY(0.70), VWAP=SELL(0.89), EMA=BUY(0.51)",,,,,,False
2026-07-21T18:24:00+00:00,KO,82.07,HOLD,0.308,"[HOLD conf=0.31] ORB=HOLD(0.00), VWAP=BUY(0.58), EMA=BUY(0.42)",,,,,,False
2026-07-21T18:24:00+00:00,MDLZ,59.795,HOLD,0.344,"[HOLD conf=0.34] ORB=HOLD(0.00), VWAP=BUY(0.64), EMA=BUY(0.48) [VETOED: RSI overbought (72.5)]",,,,,,False
2026-07-21T18:24:00+00:00,GOOGL,348.99,HOLD,0.276,"[HOLD conf=0.28] ORB=HOLD(0.00), VWAP=SELL(0.49), EMA=SELL(0.42) [VETOED: long_only mode]",,,,,,False
2026-07-21T18:24:00+00:00,LRCX,321.0,HOLD,0.0,"[HOLD conf=0.00] ORB=HOLD(0.00), VWAP=BUY(0.50), EMA=SELL(0.70)",,,,,,False
2026-07-21T18:24:00+00:00,MU,974.34,BUY,0.707,"[BUY conf=0.71] ORB=BUY(0.80), VWAP=BUY(0.67), EMA=BUY(0.61)",974.34,969.58,983.86,76,361.79,False
2026-07-21T18:24:00+00:00,TSLA,380.42,HOLD,0.06,"[HOLD conf=0.06] ORB=HOLD(0.00), VWAP=BUY(0.48), EMA=SELL(0.43)",,,,,,False
2026-07-21T18:24:00+00:00,FAST,44.84,HOLD,0.094,"[HOLD conf=0.09] ORB=HOLD(0.00), VWAP=SELL(0.61), EMA=BUY(0.48) [VETOED: long_only mode]",,,,,,False
2026-07-21T18:24:00+00:00,ABT,99.98,HOLD,0.163,"[HOLD conf=0.16] ORB=SELL(0.53), VWAP=BUY(0.57), EMA=SELL(0.60) [VETOED: long_only mode]",,,,,,False
2026-07-21T18:24:00+00:00,AMZN,248.57,HOLD,0.348,"[HOLD conf=0.35] ORB=HOLD(0.00), VWAP=BUY(0.66), EMA=BUY(0.47)",,,,,,False
2026-07-21T18:24:00+00:00,SCHW,100.66,HOLD,0.143,"[HOLD conf=0.14] ORB=SELL(0.52), VWAP=BUY(0.65), EMA=SELL(0.65) [VETOED: long_only mode]",,,,,,False
2026-07-21T18:24:00+00:00,NFLX,67.665,HOLD,0.352,"[HOLD conf=0.35] ORB=HOLD(0.00), VWAP=BUY(0.57), EMA=BUY(0.61) [VETOED: RSI overbought (97.2)]",,,,,,False
2026-07-21T18:24:00+00:00,WMT,110.51,HOLD,0.289,"[HOLD conf=0.29] ORB=SELL(0.54), VWAP=SELL(0.55), EMA=BUY(0.48) [VETOED: long_only mode]",,,,,,False
2026-07-21T18:29:00+00:00,MDLZ,59.88,HOLD,0.063,"[HOLD conf=0.06] ORB=HOLD(0.00), VWAP=SELL(0.53), EMA=BUY(0.49) [VETOED: long_only mode]",,,,,,False
2026-07-21T18:29:00+00:00,NFLX,67.74,HOLD,0.372,"[HOLD conf=0.37] ORB=HOLD(0.00), VWAP=BUY(0.60), EMA=BUY(0.65) [VETOED: RSI overbought (97.1)]",,,,,,False
2026-07-21T18:29:00+00:00,WMT,110.53,HOLD,0.278,"[HOLD conf=0.28] ORB=SELL(0.53), VWAP=SELL(0.54), EMA=BUY(0.49) [VETOED: long_only mode]",,,,,,False
2026-07-21T18:29:00+00:00,ABT,99.87,HOLD,0.159,"[HOLD conf=0.16] ORB=SELL(0.55), VWAP=BUY(0.61), EMA=SELL(0.61) [VETOED: long_only mode]",,,,,,False
2026-07-21T18:29:00+00:00,GOOGL,348.775,HOLD,0.304,"[HOLD conf=0.30] ORB=HOLD(0.00), VWAP=SELL(0.56), EMA=SELL(0.43) [VETOED: long_only mode]",,,,,,False
2026-07-21T18:29:00+00:00,TSLA,380.065,HOLD,0.335,"[HOLD conf=0.34] ORB=HOLD(0.00), VWAP=SELL(0.65), EMA=SELL(0.43) [VETOED: long_only mode]",,,,,,False
2026-07-21T18:29:00+00:00,MU,971.08,BUY,0.674,"[BUY conf=0.67] ORB=BUY(0.78), VWAP=BUY(0.64), EMA=BUY(0.55)",971.08,966.31,980.61,76,362.32,False
2026-07-21T18:29:00+00:00,AMZN,248.245,HOLD,0.308,"[HOLD conf=0.31] ORB=HOLD(0.00), VWAP=BUY(0.56), EMA=BUY(0.45)",,,,,,False
2026-07-21T18:29:00+00:00,SCHW,100.87,HOLD,0.019,"[HOLD conf=0.02] ORB=HOLD(0.00), VWAP=BUY(0.52), EMA=SELL(0.65)",,,,,,False
2026-07-21T18:29:00+00:00,PYPL,55.775,HOLD,0.346,"[HOLD conf=0.35] ORB=HOLD(0.00), VWAP=SELL(0.68), EMA=SELL(0.43) [VETOED: long_only mode]",,,,,,False
2026-07-21T18:29:00+00:00,FCX,62.55,HOLD,0.095,"[HOLD conf=0.10] ORB=BUY(0.70), VWAP=SELL(0.90), EMA=BUY(0.52)",,,,,,False
2026-07-21T18:29:00+00:00,KO,82.1,HOLD,0.325,"[HOLD conf=0.33] ORB=HOLD(0.00), VWAP=BUY(0.63), EMA=BUY(0.42)",,,,,,False
2026-07-21T18:29:00+00:00,LRCX,319.95,HOLD,0.347,"[HOLD conf=0.35] ORB=HOLD(0.00), VWAP=SELL(0.65), EMA=SELL(0.48) [VETOED: long_only mode]",,,,,,False
2026-07-21T18:29:00+00:00,AMD,542.185,HOLD,0.644,"[HOLD conf=0.64] ORB=BUY(0.66), VWAP=BUY(0.67), EMA=BUY(0.58)",,,,,,False
2026-07-21T18:29:00+00:00,C,133.01,HOLD,0.362,"[HOLD conf=0.36] ORB=BUY(0.57), VWAP=BUY(0.69), EMA=SELL(0.43)",,,,,,False
2026-07-21T18:29:00+00:00,META,647.49,HOLD,0.127,"[HOLD conf=0.13] ORB=HOLD(0.00), VWAP=BUY(0.65), EMA=SELL(0.40)",,,,,,False
2026-07-21T18:29:00+00:00,CMG,33.655,HOLD,0.081,"[HOLD conf=0.08] ORB=BUY(0.53), VWAP=SELL(0.76), EMA=BUY(0.54)",,,,,,False
2026-07-21T18:34:00+00:00,GOOGL,348.41,HOLD,0.347,"[HOLD conf=0.35] ORB=HOLD(0.00), VWAP=SELL(0.67), EMA=SELL(0.45) [VETOED: long_only mode]",,,,,,False
2026-07-21T18:34:00+00:00,FCX,62.55,HOLD,0.097,"[HOLD conf=0.10] ORB=BUY(0.70), VWAP=SELL(0.90), EMA=BUY(0.53)",,,,,,False
2026-07-21T18:34:00+00:00,C,132.905,HOLD,0.34,"[HOLD conf=0.34] ORB=BUY(0.56), VWAP=BUY(0.64), EMA=SELL(0.43)",,,,,,False
2026-07-21T18:34:00+00:00,META,647.205,HOLD,0.328,"[HOLD conf=0.33] ORB=HOLD(0.00), VWAP=SELL(0.65), EMA=SELL(0.40) [VETOED: long_only mode]",,,,,,False
2026-07-21T18:34:00+00:00,MDLZ,59.79,HOLD,0.337,"[HOLD conf=0.34] ORB=HOLD(0.00), VWAP=BUY(0.62), EMA=BUY(0.48) [VETOED: RSI overbought (71.0)]",,,,,,False
2026-07-21T18:34:00+00:00,PYPL,55.745,HOLD,0.088,"[HOLD conf=0.09] ORB=HOLD(0.00), VWAP=BUY(0.55), EMA=SELL(0.42)",,,,,,False
2026-07-21T18:34:00+00:00,KO,82.1,HOLD,0.325,"[HOLD conf=0.33] ORB=HOLD(0.00), VWAP=BUY(0.63), EMA=BUY(0.42)",,,,,,False
2026-07-21T18:34:00+00:00,XOM,151.0,HOLD,0.536,"[HOLD conf=0.54] ORB=BUY(0.51), VWAP=BUY(0.65), EMA=BUY(0.42)",,,,,,False
2026-07-21T18:34:00+00:00,CMG,33.66,HOLD,0.078,"[HOLD conf=0.08] ORB=BUY(0.53), VWAP=SELL(0.77), EMA=BUY(0.54)",,,,,,False
2026-07-21T18:34:00+00:00,MDT,82.23,HOLD,0.331,"[HOLD conf=0.33] ORB=HOLD(0.00), VWAP=SELL(0.61), EMA=SELL(0.47) [VETOED: long_only mode]",,,,,,False
2026-07-21T18:34:00+00:00,FAST,44.865,HOLD,0.105,"[HOLD conf=0.10] ORB=HOLD(0.00), VWAP=SELL(0.65), EMA=BUY(0.49) [VETOED: long_only mode]",,,,,,False
2026-07-21T18:34:00+00:00,WMT,110.59,HOLD,0.268,"[HOLD conf=0.27] ORB=SELL(0.52), VWAP=SELL(0.52), EMA=BUY(0.49) [VETOED: long_only mode]",,,,,,False
2026-07-21T18:34:00+00:00,SCHW,100.625,HOLD,0.157,"[HOLD conf=0.16] ORB=SELL(0.52), VWAP=BUY(0.61), EMA=SELL(0.65) [VETOED: long_only mode]",,,,,,False
2026-07-21T18:34:00+00:00,ABT,99.66,HOLD,0.149,"[HOLD conf=0.15] ORB=SELL(0.59), VWAP=BUY(0.70), EMA=SELL(0.63) [VETOED: long_only mode]",,,,,,False
2026-07-21T18:34:00+00:00,TSLA,379.91,HOLD,0.272,"[HOLD conf=0.27] ORB=HOLD(0.00), VWAP=SELL(0.47), EMA=SELL(0.43) [VETOED: long_only mode]",,,,,,False
2026-07-21T18:34:00+00:00,AMZN,247.76,HOLD,0.125,"[HOLD conf=0.12] ORB=HOLD(0.00), VWAP=SELL(0.65), EMA=BUY(0.41) [VETOED: long_only mode]",,,,,,False
2026-07-21T18:34:00+00:00,MU,971.075,BUY,0.661,"[BUY conf=0.66] ORB=BUY(0.78), VWAP=BUY(0.64), EMA=BUY(0.50)",971.075,966.22,980.79,76,369.28,False
2026-07-21T18:34:00+00:00,LRCX,320.58,HOLD,0.105,"[HOLD conf=0.10] ORB=HOLD(0.00), VWAP=BUY(0.65), EMA=SELL(0.49)",,,,,,False
2026-07-21T18:34:00+00:00,NFLX,67.7,HOLD,0.366,"[HOLD conf=0.37] ORB=HOLD(0.00), VWAP=BUY(0.58), EMA=BUY(0.65) [VETOED: RSI overbought (94.9)]",,,,,,False
2026-07-21T18:39:00+00:00,MDLZ,59.76,HOLD,0.324,"[HOLD conf=0.32] ORB=HOLD(0.00), VWAP=BUY(0.59), EMA=BUY(0.47)",,,,,,False
2026-07-21T18:39:00+00:00,AMD,544.415,HOLD,0.238,"[HOLD conf=0.24] ORB=BUY(0.72), VWAP=SELL(0.57), EMA=BUY(0.60)",,,,,,False
2026-07-21T18:39:00+00:00,C,133.01,HOLD,0.362,"[HOLD conf=0.36] ORB=BUY(0.57), VWAP=BUY(0.69), EMA=SELL(0.43)",,,,,,False
2026-07-21T18:39:00+00:00,META,646.56,HOLD,0.302,"[HOLD conf=0.30] ORB=HOLD(0.00), VWAP=SELL(0.57), EMA=SELL(0.41) [VETOED: long_only mode]",,,,,,False
2026-07-21T18:39:00+00:00,AMZN,247.62,HOLD,0.357,"[HOLD conf=0.36] ORB=HOLD(0.00), VWAP=SELL(0.52), EMA=SELL(0.70) [VETOED: long_only mode]",,,,,,False
2026-07-21T18:39:00+00:00,FCX,62.495,HOLD,0.108,"[HOLD conf=0.11] ORB=BUY(0.68), VWAP=SELL(0.84), EMA=BUY(0.52)",,,,,,False
2026-07-21T18:39:00+00:00,SCHW,100.445,HOLD,0.144,"[HOLD conf=0.14] ORB=SELL(0.54), VWAP=BUY(0.67), EMA=SELL(0.65) [VETOED: long_only mode]",,,,,,False
2026-07-21T18:39:00+00:00,ABT,99.63,HOLD,0.158,"[HOLD conf=0.16] ORB=SELL(0.60), VWAP=BUY(0.70), EMA=SELL(0.65) [VETOED: long_only mode]",,,,,,False
2026-07-21T18:39:00+00:00,LRCX,320.64,HOLD,0.039,"[HOLD conf=0.04] ORB=HOLD(0.00), VWAP=BUY(0.47), EMA=SELL(0.50)",,,,,,False
2026-07-21T18:39:00+00:00,GOOGL,348.555,HOLD,0.33,"[HOLD conf=0.33] ORB=HOLD(0.00), VWAP=SELL(0.62), EMA=SELL(0.45) [VETOED: long_only mode]",,,,,,False
2026-07-21T18:39:00+00:00,KO,82.08,HOLD,0.312,"[HOLD conf=0.31] ORB=HOLD(0.00), VWAP=BUY(0.59), EMA=BUY(0.42)",,,,,,False
2026-07-21T18:39:00+00:00,NFLX,67.65,HOLD,0.359,"[HOLD conf=0.36] ORB=HOLD(0.00), VWAP=BUY(0.56), EMA=BUY(0.65) [VETOED: RSI overbought (89.4)]",,,,,,False
2026-07-21T18:39:00+00:00,MU,972.27,BUY,0.661,"[BUY conf=0.66] ORB=BUY(0.79), VWAP=BUY(0.65), EMA=BUY(0.47)",972.27,967.28,982.26,76,379.58,False
2026-07-21T18:39:00+00:00,FAST,44.885,HOLD,0.113,"[HOLD conf=0.11] ORB=HOLD(0.00), VWAP=SELL(0.68), EMA=BUY(0.50) [VETOED: long_only mode]",,,,,,False
2026-07-21T18:39:00+00:00,TSLA,379.625,HOLD,0.282,"[HOLD conf=0.28] ORB=HOLD(0.00), VWAP=SELL(0.49), EMA=SELL(0.44) [VETOED: long_only mode]",,,,,,False
2026-07-21T18:39:00+00:00,WMT,110.39,HOLD,0.318,"[HOLD conf=0.32] ORB=SELL(0.57), VWAP=SELL(0.60), EMA=BUY(0.48) [VETOED: long_only mode]",,,,,,False
2026-07-21T18:39:00+00:00,PYPL,55.74,HOLD,0.091,"[HOLD conf=0.09] ORB=HOLD(0.00), VWAP=BUY(0.56), EMA=SELL(0.42)",,,,,,False
2026-07-21T18:39:00+00:00,XOM,150.915,HOLD,0.312,"[HOLD conf=0.31] ORB=HOLD(0.00), VWAP=BUY(0.60), EMA=BUY(0.41)",,,,,,False
2026-07-21T18:39:00+00:00,MDT,82.28,HOLD,0.317,"[HOLD conf=0.32] ORB=HOLD(0.00), VWAP=SELL(0.57), EMA=SELL(0.47) [VETOED: long_only mode]",,,,,,False
2026-07-21T18:39:00+00:00,CMG,33.59,HOLD,0.131,"[HOLD conf=0.13] ORB=BUY(0.51), VWAP=SELL(0.58), EMA=BUY(0.52)",,,,,,False
2026-07-21T18:44:00+00:00,MDT,82.305,HOLD,0.31,"[HOLD conf=0.31] ORB=HOLD(0.00), VWAP=SELL(0.55), EMA=SELL(0.47) [VETOED: long_only mode]",,,,,,False
2026-07-21T18:44:00+00:00,LRCX,320.775,HOLD,0.043,"[HOLD conf=0.04] ORB=HOLD(0.00), VWAP=BUY(0.48), EMA=SELL(0.50)",,,,,,False
2026-07-21T18:44:00+00:00,SCHW,100.325,HOLD,0.141,"[HOLD conf=0.14] ORB=SELL(0.55), VWAP=BUY(0.69), EMA=SELL(0.65) [VETOED: long_only mode]",,,,,,False
2026-07-21T18:44:00+00:00,MU,973.35,BUY,0.669,"[BUY conf=0.67] ORB=BUY(0.80), VWAP=BUY(0.66), EMA=BUY(0.47)",973.35,968.37,983.32,76,378.81,False
2026-07-21T18:44:00+00:00,META,647.5,HOLD,0.127,"[HOLD conf=0.13] ORB=HOLD(0.00), VWAP=BUY(0.65), EMA=SELL(0.40)",,,,,,False
2026-07-21T18:44:00+00:00,FCX,62.52,HOLD,0.102,"[HOLD conf=0.10] ORB=BUY(0.69), VWAP=SELL(0.86), EMA=BUY(0.51)",,,,,,False
2026-07-21T18:44:00+00:00,MDLZ,59.765,HOLD,0.322,"[HOLD conf=0.32] ORB=HOLD(0.00), VWAP=BUY(0.60), EMA=BUY(0.45)",,,,,,False
2026-07-21T18:44:00+00:00,AMZN,247.74,HOLD,0.278,"[HOLD conf=0.28] ORB=HOLD(0.00), VWAP=SELL(0.48), EMA=SELL(0.44) [VETOED: long_only mode]",,,,,,False
2026-07-21T18:44:00+00:00,XOM,150.95,HOLD,0.522,"[HOLD conf=0.52] ORB=BUY(0.50), VWAP=BUY(0.62), EMA=BUY(0.42)",,,,,,False
2026-07-21T18:44:00+00:00,GOOGL,348.54,HOLD,0.332,"[HOLD conf=0.33] ORB=HOLD(0.00), VWAP=SELL(0.62), EMA=SELL(0.46) [VETOED: long_only mode]",,,,,,False
2026-07-21T18:44:00+00:00,WMT,110.28,HOLD,0.355,"[HOLD conf=0.35] ORB=SELL(0.60), VWAP=SELL(0.65), EMA=BUY(0.45) [VETOED: long_only mode]",,,,,,False
2026-07-21T18:44:00+00:00,NFLX,67.735,HOLD,0.369,"[HOLD conf=0.37] ORB=HOLD(0.00), VWAP=BUY(0.59), EMA=BUY(0.65) [VETOED: RSI overbought (90.1)]",,,,,,False
2026-07-21T18:44:00+00:00,AMD,545.55,HOLD,0.239,"[HOLD conf=0.24] ORB=BUY(0.74), VWAP=SELL(0.62), EMA=BUY(0.64)",,,,,,False
2026-07-21T18:44:00+00:00,ABT,99.68,HOLD,0.175,"[HOLD conf=0.17] ORB=SELL(0.59), VWAP=BUY(0.64), EMA=SELL(0.65) [VETOED: long_only mode]",,,,,,False
2026-07-21T18:44:00+00:00,TSLA,379.96,HOLD,0.271,"[HOLD conf=0.27] ORB=HOLD(0.00), VWAP=SELL(0.46), EMA=SELL(0.44) [VETOED: long_only mode]",,,,,,False
2026-07-21T18:44:00+00:00,FAST,44.885,HOLD,0.113,"[HOLD conf=0.11] ORB=HOLD(0.00), VWAP=SELL(0.68), EMA=BUY(0.50) [VETOED: long_only mode]",,,,,,False
2026-07-21T18:44:00+00:00,CMG,33.57,HOLD,0.145,"[HOLD conf=0.14] ORB=BUY(0.51), VWAP=SELL(0.52), EMA=BUY(0.49)",,,,,,False
2026-07-21T18:44:00+00:00,C,133.03,HOLD,0.368,"[HOLD conf=0.37] ORB=BUY(0.57), VWAP=BUY(0.70), EMA=SELL(0.42)",,,,,,False
2026-07-21T18:44:00+00:00,PYPL,55.78,HOLD,0.337,"[HOLD conf=0.34] ORB=HOLD(0.00), VWAP=SELL(0.67), EMA=SELL(0.41) [VETOED: long_only mode]",,,,,,False
2026-07-21T18:44:00+00:00,KO,82.115,HOLD,0.332,"[HOLD conf=0.33] ORB=HOLD(0.00), VWAP=BUY(0.65), EMA=BUY(0.42)",,,,,,False
2026-07-21T18:49:00+00:00,FCX,62.425,HOLD,0.128,"[HOLD conf=0.13] ORB=BUY(0.67), VWAP=SELL(0.75), EMA=BUY(0.49)",,,,,,False
2026-07-21T18:49:00+00:00,WMT,110.34,HOLD,0.343,"[HOLD conf=0.34] ORB=SELL(0.59), VWAP=SELL(0.62), EMA=BUY(0.44) [VETOED: long_only mode]",,,,,,False
2026-07-21T18:49:00+00:00,NFLX,67.705,HOLD,0.362,"[HOLD conf=0.36] ORB=HOLD(0.00), VWAP=BUY(0.57), EMA=BUY(0.65) [VETOED: RSI overbought (87.2)]",,,,,,False
2026-07-21T18:49:00+00:00,ABT,99.67,HOLD,0.178,"[HOLD conf=0.18] ORB=SELL(0.59), VWAP=BUY(0.63), EMA=SELL(0.65) [VETOED: long_only mode]",,,,,,False
2026-07-21T18:49:00+00:00,MU,973.405,BUY,0.666,"[BUY conf=0.67] ORB=BUY(0.80), VWAP=BUY(0.66), EMA=BUY(0.46)",973.405,968.44,983.33,76,377.26,False
2026-07-21T18:49:00+00:00,KO,82.115,HOLD,0.329,"[HOLD conf=0.33] ORB=HOLD(0.00), VWAP=BUY(0.64), EMA=BUY(0.42)",,,,,,False
2026-07-21T18:49:00+00:00,FAST,44.845,HOLD,0.084,"[HOLD conf=0.08] ORB=HOLD(0.00), VWAP=SELL(0.59), EMA=BUY(0.49) [VETOED: long_only mode]",,,,,,False
2026-07-21T18:49:00+00:00,GOOGL,348.6,HOLD,0.325,"[HOLD conf=0.33] ORB=HOLD(0.00), VWAP=SELL(0.60), EMA=SELL(0.46) [VETOED: long_only mode]",,,,,,False
2026-07-21T18:49:00+00:00,LRCX,321.06,HOLD,0.052,"[HOLD conf=0.05] ORB=HOLD(0.00), VWAP=BUY(0.50), EMA=SELL(0.49)",,,,,,False
2026-07-21T18:49:00+00:00,MDT,82.21,HOLD,0.334,"[HOLD conf=0.33] ORB=HOLD(0.00), VWAP=SELL(0.61), EMA=SELL(0.48) [VETOED: long_only mode]",,,,,,False
2026-07-21T18:49:00+00:00,CMG,33.58,HOLD,0.132,"[HOLD conf=0.13] ORB=BUY(0.51), VWAP=SELL(0.55), EMA=BUY(0.48)",,,,,,False
2026-07-21T18:49:00+00:00,C,132.925,HOLD,0.347,"[HOLD conf=0.35] ORB=BUY(0.56), VWAP=BUY(0.65), EMA=SELL(0.42)",,,,,,False
2026-07-21T18:49:00+00:00,MDLZ,59.79,HOLD,0.33,"[HOLD conf=0.33] ORB=HOLD(0.00), VWAP=BUY(0.62), EMA=BUY(0.45)",,,,,,False
2026-07-21T18:49:00+00:00,SCHW,100.09,HOLD,0.128,"[HOLD conf=0.13] ORB=SELL(0.57), VWAP=BUY(0.75), EMA=SELL(0.65) [VETOED: long_only mode]",,,,,,False
2026-07-21T18:49:00+00:00,AMZN,247.585,HOLD,0.3,"[HOLD conf=0.30] ORB=HOLD(0.00), VWAP=SELL(0.53), EMA=SELL(0.46) [VETOED: long_only mode]",,,,,,False
2026-07-21T18:49:00+00:00,META,647.355,HOLD,0.328,"[HOLD conf=0.33] ORB=HOLD(0.00), VWAP=SELL(0.65), EMA=SELL(0.40) [VETOED: long_only mode]",,,,,,False
2026-07-21T18:49:00+00:00,TSLA,379.52,HOLD,0.288,"[HOLD conf=0.29] ORB=HOLD(0.00), VWAP=SELL(0.50), EMA=SELL(0.45) [VETOED: long_only mode]",,,,,,False
2026-07-21T18:49:00+00:00,XOM,151.18,HOLD,0.12,"[HOLD conf=0.12] ORB=BUY(0.53), VWAP=SELL(0.57), EMA=BUY(0.43)",,,,,,False
2026-07-21T18:49:00+00:00,AMD,545.01,HOLD,0.255,"[HOLD conf=0.26] ORB=BUY(0.73), VWAP=SELL(0.57), EMA=BUY(0.65)",,,,,,False
2026-07-21T18:49:00+00:00,PYPL,55.685,HOLD,0.053,"[HOLD conf=0.05] ORB=SELL(0.50), VWAP=BUY(0.72), EMA=SELL(0.42) [VETOED: long_only mode]",,,,,,False
2026-07-21T18:54:00+00:00,SCHW,100.13,HOLD,0.146,"[HOLD conf=0.15] ORB=SELL(0.57), VWAP=BUY(0.70), EMA=SELL(0.65) [VETOED: long_only mode]",,,,,,False
2026-07-21T18:54:00+00:00,MDT,82.135,HOLD,0.35,"[HOLD conf=0.35] ORB=HOLD(0.00), VWAP=SELL(0.65), EMA=SELL(0.49) [VETOED: long_only mode]",,,,,,False
2026-07-21T18:54:00+00:00,TSLA,378.78,HOLD,0.314,"[HOLD conf=0.31] ORB=HOLD(0.00), VWAP=SELL(0.56), EMA=SELL(0.47) [VETOED: long_only mode]",,,,,,False
2026-07-21T18:54:00+00:00,NFLX,67.695,HOLD,0.362,"[HOLD conf=0.36] ORB=HOLD(0.00), VWAP=BUY(0.57), EMA=BUY(0.65) [VETOED: RSI overbought (84.7)]",,,,,,False
2026-07-21T18:54:00+00:00,WMT,110.42,HOLD,0.32,"[HOLD conf=0.32] ORB=SELL(0.56), VWAP=SELL(0.59), EMA=BUY(0.44) [VETOED: long_only mode]",,,,,,False
2026-07-21T18:54:00+00:00,PYPL,55.655,HOLD,0.028,"[HOLD conf=0.03] ORB=SELL(0.51), VWAP=BUY(0.81), EMA=SELL(0.43) [VETOED: long_only mode]",,,,,,False
2026-07-21T18:54:00+00:00,AMD,544.115,HOLD,0.262,"[HOLD conf=0.26] ORB=BUY(0.71), VWAP=SELL(0.52), EMA=BUY(0.64)",,,,,,False
2026-07-21T18:54:00+00:00,GOOGL,348.66,HOLD,0.316,"[HOLD conf=0.32] ORB=HOLD(0.00), VWAP=SELL(0.58), EMA=SELL(0.45) [VETOED: long_only mode]",,,,,,False
2026-07-21T18:54:00+00:00,AMZN,247.52,HOLD,0.31,"[HOLD conf=0.31] ORB=HOLD(0.00), VWAP=SELL(0.55), EMA=SELL(0.47) [VETOED: long_only mode]",,,,,,False
2026-07-21T18:54:00+00:00,ABT,99.58,HOLD,0.176,"[HOLD conf=0.18] ORB=SELL(0.61), VWAP=BUY(0.66), EMA=SELL(0.65) [VETOED: long_only mode]",,,,,,False
2026-07-21T18:54:00+00:00,KO,82.105,HOLD,0.325,"[HOLD conf=0.33] ORB=HOLD(0.00), VWAP=BUY(0.63), EMA=BUY(0.42)",,,,,,False
2026-07-21T18:54:00+00:00,LRCX,320.86,HOLD,0.049,"[HOLD conf=0.05] ORB=HOLD(0.00), VWAP=BUY(0.49), EMA=SELL(0.49)",,,,,,False
2026-07-21T18:54:00+00:00,META,647.22,HOLD,0.061,"[HOLD conf=0.06] ORB=HOLD(0.00), VWAP=SELL(0.47), EMA=BUY(0.90)",,,,,,False
2026-07-21T18:54:00+00:00,C,132.86,HOLD,0.33,"[HOLD conf=0.33] ORB=BUY(0.55), VWAP=BUY(0.62), EMA=SELL(0.43)",,,,,,False
2026-07-21T18:54:00+00:00,MDLZ,59.815,HOLD,0.336,"[HOLD conf=0.34] ORB=HOLD(0.00), VWAP=BUY(0.64), EMA=BUY(0.45)",,,,,,False
2026-07-21T18:54:00+00:00,CMG,33.525,HOLD,0.337,"[HOLD conf=0.34] ORB=HOLD(0.00), VWAP=BUY(0.65), EMA=BUY(0.44)",,,,,,False
2026-07-21T18:54:00+00:00,XOM,151.26,HOLD,0.101,"[HOLD conf=0.10] ORB=BUY(0.54), VWAP=SELL(0.65), EMA=BUY(0.45)",,,,,,False
2026-07-21T18:54:00+00:00,FCX,62.3,HOLD,0.155,"[HOLD conf=0.15] ORB=BUY(0.64), VWAP=SELL(0.61), EMA=BUY(0.45)",,,,,,False
2026-07-21T18:59:00+00:00,PYPL,55.645,HOLD,0.024,"[HOLD conf=0.02] ORB=SELL(0.51), VWAP=BUY(0.83), EMA=SELL(0.44) [VETOED: long_only mode]",,,,,,False
2026-07-21T18:59:00+00:00,MU,974.07,BUY,0.67,"[BUY conf=0.67] ORB=BUY(0.80), VWAP=BUY(0.67), EMA=BUY(0.46)",974.07,968.97,984.27,76,387.44,False
2026-07-21T18:59:00+00:00,META,646.96,HOLD,0.354,"[HOLD conf=0.35] ORB=HOLD(0.00), VWAP=SELL(0.51), EMA=SELL(0.70) [VETOED: long_only mode]",,,,,,False
2026-07-21T18:59:00+00:00,ABT,99.59,HOLD,0.179,"[HOLD conf=0.18] ORB=SELL(0.60), VWAP=BUY(0.64), EMA=SELL(0.65) [VETOED: long_only mode]",,,,,,False
2026-07-21T18:59:00+00:00,MDT,82.13,HOLD,0.352,"[HOLD conf=0.35] ORB=HOLD(0.00), VWAP=SELL(0.65), EMA=SELL(0.50) [VETOED: long_only mode]",,,,,,False
2026-07-21T18:59:00+00:00,LRCX,322.155,HOLD,0.093,"[HOLD conf=0.09] ORB=HOLD(0.00), VWAP=BUY(0.58), EMA=SELL(0.44)",,,,,,False
2026-07-21T18:59:00+00:00,SCHW,100.23,HOLD,0.163,"[HOLD conf=0.16] ORB=SELL(0.56), VWAP=BUY(0.64), EMA=SELL(0.65) [VETOED: long_only mode]",,,,,,False
2026-07-21T18:59:00+00:00,MDLZ,59.785,HOLD,0.326,"[HOLD conf=0.33] ORB=HOLD(0.00), VWAP=BUY(0.61), EMA=BUY(0.45)",,,,,,False
2026-07-21T18:59:00+00:00,KO,82.07,HOLD,0.302,"[HOLD conf=0.30] ORB=HOLD(0.00), VWAP=BUY(0.57), EMA=BUY(0.41)",,,,,,False
2026-07-21T18:59:00+00:00,FCX,62.33,HOLD,0.14,"[HOLD conf=0.14] ORB=BUY(0.64), VWAP=SELL(0.64), EMA=BUY(0.43)",,,,,,False
2026-07-21T18:59:00+00:00,NFLX,67.665,HOLD,0.355,"[HOLD conf=0.35] ORB=HOLD(0.00), VWAP=BUY(0.55), EMA=BUY(0.65) [VETOED: RSI overbought (81.0)]",,,,,,False
2026-07-21T18:59:00+00:00,C,132.81,HOLD,0.32,"[HOLD conf=0.32] ORB=BUY(0.55), VWAP=BUY(0.60), EMA=SELL(0.44)",,,,,,False
2026-07-21T18:59:00+00:00,AMD,544.15,HOLD,0.259,"[HOLD conf=0.26] ORB=BUY(0.71), VWAP=SELL(0.52), EMA=BUY(0.63)",,,,,,False
2026-07-21T18:59:00+00:00,WMT,110.325,HOLD,0.352,"[HOLD conf=0.35] ORB=SELL(0.59), VWAP=SELL(0.63), EMA=BUY(0.42) [VETOED: long_only mode]",,,,,,False
2026-07-21T18:59:00+00:00,CMG,33.545,HOLD,0.542,"[HOLD conf=0.54] ORB=BUY(0.50), VWAP=BUY(0.67), EMA=BUY(0.43)",,,,,,False
2026-07-21T18:59:00+00:00,GOOGL,348.645,HOLD,0.316,"[HOLD conf=0.32] ORB=HOLD(0.00), VWAP=SELL(0.58), EMA=SELL(0.45) [VETOED: long_only mode]",,,,,,False
2026-07-21T18:59:00+00:00,AMZN,247.55,HOLD,0.309,"[HOLD conf=0.31] ORB=HOLD(0.00), VWAP=SELL(0.54), EMA=SELL(0.48) [VETOED: long_only mode]",,,,,,False
2026-07-21T18:59:00+00:00,FAST,44.865,HOLD,0.098,"[HOLD conf=0.10] ORB=HOLD(0.00), VWAP=SELL(0.63), EMA=BUY(0.49) [VETOED: long_only mode]",,,,,,False
2026-07-21T18:59:00+00:00,TSLA,378.275,HOLD,0.338,"[HOLD conf=0.34] ORB=HOLD(0.00), VWAP=SELL(0.60), EMA=SELL(0.51) [VETOED: long_only mode]",,,,,,False
2026-07-21T18:59:00+00:00,XOM,151.29,HOLD,0.1,"[HOLD conf=0.10] ORB=BUY(0.55), VWAP=SELL(0.68), EMA=BUY(0.47)",,,,,,False
2026-07-21T19:04:00+00:00,WMT,110.39,HOLD,0.333,"[HOLD conf=0.33] ORB=SELL(0.57), VWAP=SELL(0.60), EMA=BUY(0.42) [VETOED: long_only mode]",,,,,,False
2026-07-21T19:04:00+00:00,MU,971.24,HOLD,0.644,"[HOLD conf=0.64] ORB=BUY(0.78), VWAP=BUY(0.64), EMA=BUY(0.43)",,,,,,False
2026-07-21T19:04:00+00:00,KO,82.14,HOLD,0.547,"[HOLD conf=0.55] ORB=BUY(0.51), VWAP=BUY(0.68), EMA=BUY(0.42)",,,,,,False
2026-07-21T19:04:00+00:00,MDT,82.21,HOLD,0.335,"[HOLD conf=0.34] ORB=HOLD(0.00), VWAP=SELL(0.60), EMA=SELL(0.50) [VETOED: long_only mode]",,,,,,False
2026-07-21T19:04:00+00:00,GOOGL,348.72,HOLD,0.306,"[HOLD conf=0.31] ORB=HOLD(0.00), VWAP=SELL(0.56), EMA=SELL(0.44) [VETOED: long_only mode]",,,,,,False
2026-07-21T19:04:00+00:00,META,647.515,HOLD,0.402,"[HOLD conf=0.40] ORB=HOLD(0.00), VWAP=BUY(0.65), EMA=BUY(0.70)",,,,,,False
2026-07-21T19:04:00+00:00,C,132.855,HOLD,0.324,"[HOLD conf=0.32] ORB=BUY(0.55), VWAP=BUY(0.61), EMA=SELL(0.44)",,,,,,False
2026-07-21T19:04:00+00:00,SCHW,100.56,HOLD,0.619,"[HOLD conf=0.62] ORB=SELL(0.53), VWAP=SELL(0.70), EMA=SELL(0.65) [VETOED: long_only mode]",,,,,,False
2026-07-21T19:04:00+00:00,ABT,99.585,HOLD,0.183,"[HOLD conf=0.18] ORB=SELL(0.60), VWAP=BUY(0.62), EMA=SELL(0.64) [VETOED: long_only mode]",,,,,,False
2026-07-21T19:04:00+00:00,XOM,151.09,HOLD,0.564,"[HOLD conf=0.56] ORB=BUY(0.52), VWAP=BUY(0.69), EMA=BUY(0.46)",,,,,,False
2026-07-21T19:04:00+00:00,PYPL,55.685,HOLD,0.065,"[HOLD conf=0.07] ORB=SELL(0.50), VWAP=BUY(0.70), EMA=SELL(0.44) [VETOED: long_only mode]",,,,,,False
2026-07-21T19:04:00+00:00,FAST,44.9,HOLD,0.119,"[HOLD conf=0.12] ORB=HOLD(0.00), VWAP=SELL(0.69), EMA=BUY(0.49) [VETOED: long_only mode]",,,,,,False
2026-07-21T19:04:00+00:00,CMG,33.57,HOLD,0.127,"[HOLD conf=0.13] ORB=BUY(0.51), VWAP=SELL(0.52), EMA=BUY(0.42)",,,,,,False
2026-07-21T19:04:00+00:00,AMZN,247.52,HOLD,0.312,"[HOLD conf=0.31] ORB=HOLD(0.00), VWAP=SELL(0.54), EMA=SELL(0.49) [VETOED: long_only mode]",,,,,,False
2026-07-21T19:04:00+00:00,NFLX,67.715,HOLD,0.36,"[HOLD conf=0.36] ORB=HOLD(0.00), VWAP=BUY(0.57), EMA=BUY(0.64) [VETOED: RSI overbought (81.9)]",,,,,,False
2026-07-21T19:04:00+00:00,AMD,542.48,HOLD,0.644,"[HOLD conf=0.64] ORB=BUY(0.67), VWAP=BUY(0.66), EMA=BUY(0.58)",,,,,,False
2026-07-21T19:04:00+00:00,MDLZ,59.785,HOLD,0.324,"[HOLD conf=0.32] ORB=HOLD(0.00), VWAP=BUY(0.61), EMA=BUY(0.44)",,,,,,False
2026-07-21T19:04:00+00:00,LRCX,321.88,HOLD,0.094,"[HOLD conf=0.09] ORB=HOLD(0.00), VWAP=BUY(0.56), EMA=SELL(0.41)",,,,,,False
2026-07-21T19:04:00+00:00,TSLA,377.96,HOLD,0.352,"[HOLD conf=0.35] ORB=HOLD(0.00), VWAP=SELL(0.62), EMA=SELL(0.54) [VETOED: long_only mode]",,,,,,False
2026-07-21T19:04:00+00:00,FCX,62.42,HOLD,0.116,"[HOLD conf=0.12] ORB=BUY(0.67), VWAP=SELL(0.74), EMA=BUY(0.43)",,,,,,False
2026-07-21T19:09:00+00:00,WMT,110.515,HOLD,0.298,"[HOLD conf=0.30] ORB=SELL(0.54), VWAP=SELL(0.54), EMA=BUY(0.43) [VETOED: long_only mode]",,,,,,False
2026-07-21T19:09:00+00:00,XOM,151.13,HOLD,0.149,"[HOLD conf=0.15] ORB=BUY(0.53), VWAP=SELL(0.51), EMA=BUY(0.46)",,,,,,False
2026-07-21T19:09:00+00:00,SCHW,100.36,HOLD,0.187,"[HOLD conf=0.19] ORB=SELL(0.55), VWAP=BUY(0.56), EMA=SELL(0.65) [VETOED: long_only mode]",,,,,,False
2026-07-21T19:09:00+00:00,MDT,82.17,HOLD,0.342,"[HOLD conf=0.34] ORB=HOLD(0.00), VWAP=SELL(0.62), EMA=SELL(0.50) [VETOED: long_only mode]",,,,,,False
2026-07-21T19:09:00+00:00,NFLX,67.845,HOLD,0.38,"[HOLD conf=0.38] ORB=HOLD(0.00), VWAP=BUY(0.62), EMA=BUY(0.65) [VETOED: RSI overbought (81.6)]",,,,,,False
2026-07-21T19:09:00+00:00,C,132.78,HOLD,0.307,"[HOLD conf=0.31] ORB=BUY(0.54), VWAP=BUY(0.58), EMA=SELL(0.45)",,,,,,False
2026-07-21T19:09:00+00:00,KO,82.205,HOLD,0.092,"[HOLD conf=0.09] ORB=BUY(0.53), VWAP=SELL(0.65), EMA=BUY(0.43)",,,,,,False
2026-07-21T19:09:00+00:00,MDLZ,59.815,HOLD,0.334,"[HOLD conf=0.33] ORB=HOLD(0.00), VWAP=BUY(0.64), EMA=BUY(0.44)",,,,,,False
2026-07-21T19:09:00+00:00,FAST,44.87,HOLD,0.094,"[HOLD conf=0.09] ORB=HOLD(0.00), VWAP=SELL(0.62), EMA=BUY(0.49) [VETOED: long_only mode]",,,,,,False
2026-07-21T19:09:00+00:00,ABT,99.5,HOLD,0.264,"[HOLD conf=0.26] ORB=SELL(0.82), VWAP=BUY(0.64), EMA=SELL(0.64) [VETOED: long_only mode]",,,,,,False
2026-07-21T19:09:00+00:00,FCX,62.36,HOLD,0.132,"[HOLD conf=0.13] ORB=BUY(0.65), VWAP=SELL(0.66), EMA=BUY(0.41)",,,,,,False
2026-07-21T19:09:00+00:00,GOOGL,349.33,HOLD,0.122,"[HOLD conf=0.12] ORB=HOLD(0.00), VWAP=BUY(0.65), EMA=SELL(0.42)",,,,,,False
2026-07-21T19:09:00+00:00,MU,967.72,HOLD,0.331,"[HOLD conf=0.33] ORB=BUY(0.74), VWAP=BUY(0.60), EMA=SELL(0.70)",,,,,,False
2026-07-21T19:09:00+00:00,CMG,33.555,HOLD,0.544,"[HOLD conf=0.54] ORB=BUY(0.50), VWAP=BUY(0.69), EMA=BUY(0.41)",,,,,,False
2026-07-21T19:09:00+00:00,PYPL,55.705,HOLD,0.114,"[HOLD conf=0.11] ORB=HOLD(0.00), VWAP=BUY(0.64), EMA=SELL(0.44)",,,,,,False
2026-07-21T19:09:00+00:00,LRCX,321.21,HOLD,0.076,"[HOLD conf=0.08] ORB=HOLD(0.00), VWAP=BUY(0.51), EMA=SELL(0.41)",,,,,,False
2026-07-21T19:09:00+00:00,AMZN,247.66,HOLD,0.295,"[HOLD conf=0.29] ORB=HOLD(0.00), VWAP=SELL(0.50), EMA=SELL(0.48) [VETOED: long_only mode]",,,,,,False
2026-07-21T19:09:00+00:00,META,648.69,HOLD,0.335,"[HOLD conf=0.34] ORB=HOLD(0.00), VWAP=BUY(0.65), EMA=BUY(0.43)",,,,,,False
2026-07-21T19:09:00+00:00,TSLA,378.16,HOLD,0.348,"[HOLD conf=0.35] ORB=HOLD(0.00), VWAP=SELL(0.60), EMA=SELL(0.55) [VETOED: long_only mode]",,,,,,False
2026-07-21T19:09:00+00:00,AMD,542.18,HOLD,0.624,"[HOLD conf=0.62] ORB=BUY(0.66), VWAP=BUY(0.65), EMA=BUY(0.53)",,,,,,False
2026-07-21T19:14:00+00:00,NFLX,67.77,HOLD,0.369,"[HOLD conf=0.37] ORB=HOLD(0.00), VWAP=BUY(0.59), EMA=BUY(0.65) [VETOED: RSI overbought (70.7)]",,,,,,False
2026-07-21T19:14:00+00:00,KO,82.28,HOLD,0.036,"[HOLD conf=0.04] ORB=BUY(0.56), VWAP=SELL(0.86), EMA=BUY(0.45) [VETOED: RSI overbought (77.6)]",,,,,,False
2026-07-21T19:14:00+00:00,PYPL,55.75,HOLD,0.07,"[HOLD conf=0.07] ORB=HOLD(0.00), VWAP=BUY(0.50), EMA=SELL(0.42)",,,,,,False
2026-07-21T19:14:00+00:00,ABT,99.43,HOLD,0.187,"[HOLD conf=0.19] ORB=SELL(0.63), VWAP=BUY(0.65), EMA=SELL(0.65) [VETOED: long_only mode]",,,,,,False
2026-07-21T19:14:00+00:00,AMZN,247.81,HOLD,0.278,"[HOLD conf=0.28] ORB=HOLD(0.00), VWAP=SELL(0.46), EMA=SELL(0.47) [VETOED: long_only mode]",,,,,,False
2026-07-21T19:14:00+00:00,FAST,44.86,HOLD,0.079,"[HOLD conf=0.08] ORB=HOLD(0.00), VWAP=SELL(0.57), EMA=BUY(0.48) [VETOED: long_only mode]",,,,,,False
2026-07-21T19:14:00+00:00,FCX,62.335,HOLD,0.135,"[HOLD conf=0.14] ORB=BUY(0.65), VWAP=SELL(0.63), EMA=SELL(0.70) [VETOED: long_only mode]",,,,,,False
2026-07-21T19:14:00+00:00,MDLZ,59.88,HOLD,0.066,"[HOLD conf=0.07] ORB=HOLD(0.00), VWAP=SELL(0.51), EMA=BUY(0.45) [VETOED: long_only mode]",,,,,,False
2026-07-21T19:14:00+00:00,SCHW,100.31,HOLD,0.187,"[HOLD conf=0.19] ORB=SELL(0.55), VWAP=BUY(0.56), EMA=SELL(0.65) [VETOED: long_only mode]",,,,,,False
2026-07-21T19:14:00+00:00,META,648.22,HOLD,0.313,"[HOLD conf=0.31] ORB=HOLD(0.00), VWAP=BUY(0.58), EMA=BUY(0.44)",,,,,,False
2026-07-21T19:14:00+00:00,GOOGL,349.685,HOLD,0.399,"[HOLD conf=0.40] ORB=HOLD(0.00), VWAP=BUY(0.64), EMA=BUY(0.70)",,,,,,False
2026-07-21T19:14:00+00:00,WMT,110.54,HOLD,0.288,"[HOLD conf=0.29] ORB=SELL(0.53), VWAP=SELL(0.53), EMA=BUY(0.44) [VETOED: long_only mode]",,,,,,False
2026-07-21T19:14:00+00:00,CMG,33.565,HOLD,0.132,"[HOLD conf=0.13] ORB=BUY(0.51), VWAP=SELL(0.50), EMA=BUY(0.41)",,,,,,False
2026-07-21T19:14:00+00:00,AMD,541.195,HOLD,0.593,"[HOLD conf=0.59] ORB=BUY(0.64), VWAP=BUY(0.62), EMA=BUY(0.48)",,,,,,False
2026-07-21T19:14:00+00:00,MU,965.06,HOLD,0.356,"[HOLD conf=0.36] ORB=BUY(0.71), VWAP=BUY(0.57), EMA=SELL(0.51)",,,,,,False
2026-07-21T19:14:00+00:00,TSLA,378.12,HOLD,0.35,"[HOLD conf=0.35] ORB=HOLD(0.00), VWAP=SELL(0.60), EMA=SELL(0.56) [VETOED: long_only mode]",,,,,,False
2026-07-21T19:14:00+00:00,C,132.75,HOLD,0.297,"[HOLD conf=0.30] ORB=BUY(0.54), VWAP=BUY(0.56), EMA=SELL(0.46)",,,,,,False
2026-07-21T19:14:00+00:00,XOM,151.17,HOLD,0.134,"[HOLD conf=0.13] ORB=BUY(0.53), VWAP=SELL(0.55), EMA=BUY(0.46)",,,,,,False
2026-07-21T19:14:00+00:00,MDT,82.21,HOLD,0.329,"[HOLD conf=0.33] ORB=HOLD(0.00), VWAP=SELL(0.59), EMA=SELL(0.49) [VETOED: long_only mode]",,,,,,False
2026-07-21T19:19:00+00:00,WMT,110.555,HOLD,0.282,"[HOLD conf=0.28] ORB=SELL(0.53), VWAP=SELL(0.52), EMA=BUY(0.45) [VETOED: long_only mode]",,,,,,False
2026-07-21T19:19:00+00:00,C,132.73,HOLD,0.294,"[HOLD conf=0.29] ORB=BUY(0.54), VWAP=BUY(0.55), EMA=SELL(0.46)",,,,,,False
2026-07-21T19:19:00+00:00,SCHW,100.165,HOLD,0.177,"[HOLD conf=0.18] ORB=SELL(0.56), VWAP=BUY(0.60), EMA=SELL(0.65) [VETOED: long_only mode]",,,,,,False
2026-07-21T19:19:00+00:00,CMG,33.575,HOLD,0.121,"[HOLD conf=0.12] ORB=BUY(0.51), VWAP=SELL(0.53), EMA=BUY(0.41)",,,,,,False
2026-07-21T19:19:00+00:00,AMD,541.555,HOLD,0.593,"[HOLD conf=0.59] ORB=BUY(0.65), VWAP=BUY(0.63), EMA=BUY(0.45)",,,,,,False
2026-07-21T19:19:00+00:00,MU,964.71,HOLD,0.34,"[HOLD conf=0.34] ORB=BUY(0.71), VWAP=BUY(0.56), EMA=SELL(0.56)",,,,,,False
2026-07-21T19:19:00+00:00,FAST,44.85,HOLD,0.072,"[HOLD conf=0.07] ORB=HOLD(0.00), VWAP=SELL(0.54), EMA=BUY(0.47) [VETOED: long_only mode]",,,,,,False
2026-07-21T19:19:00+00:00,MDT,82.18,HOLD,0.336,"[HOLD conf=0.34] ORB=HOLD(0.00), VWAP=SELL(0.61), EMA=SELL(0.49) [VETOED: long_only mode]",,,,,,False
2026-07-21T19:19:00+00:00,PYPL,55.81,HOLD,0.314,"[HOLD conf=0.31] ORB=HOLD(0.00), VWAP=SELL(0.61), EMA=SELL(0.40) [VETOED: long_only mode]",,,,,,False
2026-07-21T19:19:00+00:00,LRCX,322.4,HOLD,0.385,"[HOLD conf=0.39] ORB=HOLD(0.00), VWAP=BUY(0.60), EMA=BUY(0.70)",,,,,,False
2026-07-21T19:19:00+00:00,META,648.05,HOLD,0.302,"[HOLD conf=0.30] ORB=HOLD(0.00), VWAP=BUY(0.55), EMA=BUY(0.44)",,,,,,False
2026-07-21T19:19:00+00:00,GOOGL,349.53,HOLD,0.312,"[HOLD conf=0.31] ORB=HOLD(0.00), VWAP=BUY(0.59), EMA=BUY(0.42)",,,,,,False
2026-07-21T19:19:00+00:00,TSLA,377.9,HOLD,0.36,"[HOLD conf=0.36] ORB=HOLD(0.00), VWAP=SELL(0.62), EMA=SELL(0.57) [VETOED: long_only mode]",,,,,,False
2026-07-21T19:19:00+00:00,MDLZ,59.895,HOLD,0.07,"[HOLD conf=0.07] ORB=HOLD(0.00), VWAP=SELL(0.53), EMA=BUY(0.46) [VETOED: long_only mode]",,,,,,False
2026-07-21T19:19:00+00:00,ABT,99.39,HOLD,0.188,"[HOLD conf=0.19] ORB=SELL(0.64), VWAP=BUY(0.66), EMA=SELL(0.65) [VETOED: long_only mode]",,,,,,False
2026-07-21T19:19:00+00:00,FCX,62.37,HOLD,0.009,"[HOLD conf=0.01] ORB=BUY(0.85), VWAP=SELL(0.66), EMA=SELL(0.40)",,,,,,False
2026-07-21T19:19:00+00:00,XOM,151.24,HOLD,0.114,"[HOLD conf=0.11] ORB=BUY(0.54), VWAP=SELL(0.62), EMA=BUY(0.46)",,,,,,False
2026-07-21T19:19:00+00:00,NFLX,67.85,HOLD,0.376,"[HOLD conf=0.38] ORB=HOLD(0.00), VWAP=BUY(0.61), EMA=BUY(0.65) [VETOED: RSI overbought (73.2)]",,,,,,False
2026-07-21T19:19:00+00:00,AMZN,247.9,HOLD,0.112,"[HOLD conf=0.11] ORB=HOLD(0.00), VWAP=BUY(0.65), EMA=SELL(0.46)",,,,,,False
2026-07-21T19:19:00+00:00,KO,82.265,HOLD,0.063,"[HOLD conf=0.06] ORB=BUY(0.56), VWAP=SELL(0.79), EMA=BUY(0.46) [VETOED: RSI overbought (71.8)]",,,,,,False
2026-07-21T19:24:00+00:00,NFLX,67.765,HOLD,0.36,"[HOLD conf=0.36] ORB=HOLD(0.00), VWAP=BUY(0.58), EMA=BUY(0.63)",,,,,,False
2026-07-21T19:24:00+00:00,GOOGL,349.2,HOLD,0.276,"[HOLD conf=0.28] ORB=HOLD(0.00), VWAP=BUY(0.49), EMA=BUY(0.42)",,,,,,False
2026-07-21T19:24:00+00:00,FCX,62.325,HOLD,0.059,"[HOLD conf=0.06] ORB=BUY(0.64), VWAP=SELL(0.60), EMA=SELL(0.42) [VETOED: long_only mode]",,,,,,False
2026-07-21T19:24:00+00:00,LRCX,321.66,HOLD,0.296,"[HOLD conf=0.30] ORB=HOLD(0.00), VWAP=BUY(0.54), EMA=BUY(0.43)",,,,,,False
2026-07-21T19:24:00+00:00,WMT,110.605,HOLD,0.264,"[HOLD conf=0.26] ORB=SELL(0.51), VWAP=SELL(0.50), EMA=BUY(0.46) [VETOED: long_only mode]",,,,,,False
2026-07-21T19:24:00+00:00,FAST,44.86,HOLD,0.081,"[HOLD conf=0.08] ORB=HOLD(0.00), VWAP=SELL(0.56), EMA=BUY(0.46) [VETOED: long_only mode]",,,,,,False
2026-07-21T19:24:00+00:00,AMD,541.47,HOLD,0.586,"[HOLD conf=0.59] ORB=BUY(0.65), VWAP=BUY(0.63), EMA=BUY(0.42)",,,,,,False
2026-07-21T19:24:00+00:00,SCHW,99.91,HOLD,0.168,"[HOLD conf=0.17] ORB=SELL(0.59), VWAP=BUY(0.66), EMA=SELL(0.65) [VETOED: long_only mode]",,,,,,False
2026-07-21T19:24:00+00:00,ABT,99.5,HOLD,0.199,"[HOLD conf=0.20] ORB=SELL(0.62), VWAP=BUY(0.59), EMA=SELL(0.63) [VETOED: long_only mode]",,,,,,False
2026-07-21T19:24:00+00:00,AMZN,247.76,HOLD,0.342,"[HOLD conf=0.34] ORB=HOLD(0.00), VWAP=SELL(0.65), EMA=SELL(0.46) [VETOED: long_only mode]",,,,,,False
2026-07-21T19:24:00+00:00,META,648.82,HOLD,0.35,"[HOLD conf=0.35] ORB=HOLD(0.00), VWAP=BUY(0.67), EMA=BUY(0.46)",,,,,,False
2026-07-21T19:24:00+00:00,C,132.69,HOLD,0.284,"[HOLD conf=0.28] ORB=BUY(0.54), VWAP=BUY(0.53), EMA=SELL(0.47)",,,,,,False
2026-07-21T19:24:00+00:00,MU,967.09,HOLD,0.357,"[HOLD conf=0.36] ORB=BUY(0.74), VWAP=BUY(0.59), EMA=SELL(0.58)",,,,,,False
2026-07-21T19:24:00+00:00,KO,82.345,HOLD,0.024,"[HOLD conf=0.02] ORB=BUY(0.59), VWAP=SELL(0.95), EMA=BUY(0.48) [VETOED: RSI overbought (80.9)]",,,,,,False
2026-07-21T19:24:00+00:00,PYPL,55.81,HOLD,0.035,"[HOLD conf=0.04] ORB=HOLD(0.00), VWAP=SELL(0.60), EMA=BUY(0.70) [VETOED: long_only mode]",,,,,,False
2026-07-21T19:24:00+00:00,TSLA,378.015,HOLD,0.352,"[HOLD conf=0.35] ORB=HOLD(0.00), VWAP=SELL(0.60), EMA=SELL(0.57) [VETOED: long_only mode]",,,,,,False
2026-07-21T19:24:00+00:00,MDLZ,59.89,HOLD,0.061,"[HOLD conf=0.06] ORB=HOLD(0.00), VWAP=SELL(0.51), EMA=BUY(0.47) [VETOED: long_only mode]",,,,,,False
2026-07-21T19:24:00+00:00,CMG,33.53,HOLD,0.001,"[HOLD conf=0.00] ORB=HOLD(0.00), VWAP=BUY(0.64), EMA=SELL(0.90) [VETOED: long_only mode]",,,,,,False
2026-07-21T19:24:00+00:00,MDT,82.24,HOLD,0.32,"[HOLD conf=0.32] ORB=HOLD(0.00), VWAP=SELL(0.57), EMA=SELL(0.48) [VETOED: long_only mode]",,,,,,False
2026-07-21T19:29:00+00:00,LRCX,321.025,HOLD,0.274,"[HOLD conf=0.27] ORB=HOLD(0.00), VWAP=BUY(0.49), EMA=BUY(0.41)",,,,,,False
2026-07-21T19:29:00+00:00,MDT,82.2,HOLD,0.324,"[HOLD conf=0.32] ORB=HOLD(0.00), VWAP=SELL(0.59), EMA=SELL(0.47) [VETOED: long_only mode]",,,,,,False
2026-07-21T19:29:00+00:00,KO,82.36,HOLD,0.106,"[HOLD conf=0.11] ORB=BUY(0.79), VWAP=SELL(0.95), EMA=BUY(0.49) [VETOED: RSI overbought (81.3)]",,,,,,False
2026-07-21T19:29:00+00:00,META,649.52,HOLD,0.097,"[HOLD conf=0.10] ORB=HOLD(0.00), VWAP=SELL(0.62), EMA=BUY(0.48) [VETOED: long_only mode]",,,,,,False
2026-07-21T19:29:00+00:00,NFLX,68.075,HOLD,0.4,"[HOLD conf=0.40] ORB=HOLD(0.00), VWAP=BUY(0.68), EMA=BUY(0.65) [VETOED: RSI overbought (74.7)]",,,,,,False
2026-07-21T19:29:00+00:00,GOOGL,349.61,HOLD,0.324,"[HOLD conf=0.32] ORB=HOLD(0.00), VWAP=BUY(0.61), EMA=BUY(0.44)",,,,,,False
2026-07-21T19:29:00+00:00,FCX,62.24,HOLD,0.383,"[HOLD conf=0.38] ORB=BUY(0.62), VWAP=BUY(0.70), EMA=SELL(0.44)",,,,,,False
2026-07-21T19:29:00+00:00,MU,962.68,HOLD,0.308,"[HOLD conf=0.31] ORB=BUY(0.69), VWAP=BUY(0.54), EMA=SELL(0.63)",,,,,,False
2026-07-21T19:29:00+00:00,MDLZ,59.945,HOLD,0.09,"[HOLD conf=0.09] ORB=HOLD(0.00), VWAP=SELL(0.60), EMA=BUY(0.48) [VETOED: long_only mode]",,,,,,False
2026-07-21T19:29:00+00:00,ABT,99.6,HOLD,0.204,"[HOLD conf=0.20] ORB=SELL(0.60), VWAP=BUY(0.54), EMA=SELL(0.61) [VETOED: long_only mode]",,,,,,False
2026-07-21T19:29:00+00:00,SCHW,99.83,HOLD,0.168,"[HOLD conf=0.17] ORB=SELL(0.59), VWAP=BUY(0.66), EMA=SELL(0.65) [VETOED: long_only mode]",,,,,,False
2026-07-21T19:29:00+00:00,AMZN,247.66,HOLD,0.29,"[HOLD conf=0.29] ORB=HOLD(0.00), VWAP=SELL(0.50), EMA=SELL(0.46) [VETOED: long_only mode]",,,,,,False
2026-07-21T19:29:00+00:00,CMG,33.49,HOLD,0.095,"[HOLD conf=0.10] ORB=HOLD(0.00), VWAP=BUY(0.58), EMA=SELL(0.43)",,,,,,False
2026-07-21T19:29:00+00:00,WMT,110.76,HOLD,0.347,"[HOLD conf=0.35] ORB=HOLD(0.00), VWAP=BUY(0.65), EMA=BUY(0.48)",,,,,,False
2026-07-21T19:29:00+00:00,AMD,539.905,HOLD,0.272,"[HOLD conf=0.27] ORB=BUY(0.61), VWAP=BUY(0.58), EMA=SELL(0.70)",,,,,,False
2026-07-21T19:29:00+00:00,XOM,151.3,HOLD,0.1,"[HOLD conf=0.10] ORB=BUY(0.55), VWAP=SELL(0.68), EMA=BUY(0.47) [VETOED: RSI overbought (70.1)]",,,,,,False
2026-07-21T19:29:00+00:00,PYPL,55.91,HOLD,0.34,"[HOLD conf=0.34] ORB=HOLD(0.00), VWAP=BUY(0.65), EMA=BUY(0.45)",,,,,,False
2026-07-21T19:29:00+00:00,TSLA,377.0,HOLD,0.384,"[HOLD conf=0.38] ORB=HOLD(0.00), VWAP=SELL(0.67), EMA=SELL(0.60) [VETOED: long_only mode]",,,,,,False
2026-07-21T19:29:00+00:00,FAST,44.895,HOLD,0.106,"[HOLD conf=0.11] ORB=HOLD(0.00), VWAP=SELL(0.64), EMA=BUY(0.47) [VETOED: long_only mode]",,,,,,False
2026-07-21T19:29:00+00:00,C,132.72,HOLD,0.291,"[HOLD conf=0.29] ORB=BUY(0.54), VWAP=BUY(0.55), EMA=SELL(0.47)",,,,,,False
2026-07-21T19:34:00+00:00,NFLX,67.975,HOLD,0.386,"[HOLD conf=0.39] ORB=HOLD(0.00), VWAP=BUY(0.64), EMA=BUY(0.65)",,,,,,False
2026-07-21T19:34:00+00:00,MDT,82.195,HOLD,0.324,"[HOLD conf=0.32] ORB=HOLD(0.00), VWAP=SELL(0.59), EMA=SELL(0.47) [VETOED: long_only mode]",,,,,,False
2026-07-21T19:34:00+00:00,C,132.575,HOLD,0.256,"[HOLD conf=0.26] ORB=BUY(0.52), VWAP=BUY(0.48), EMA=SELL(0.48)",,,,,,False
2026-07-21T19:34:00+00:00,AMZN,247.545,HOLD,0.304,"[HOLD conf=0.30] ORB=HOLD(0.00), VWAP=SELL(0.54), EMA=SELL(0.46) [VETOED: long_only mode]",,,,,,False
2026-07-21T19:34:00+00:00,CMG,33.515,HOLD,0.107,"[HOLD conf=0.11] ORB=HOLD(0.00), VWAP=BUY(0.62), EMA=SELL(0.44)",,,,,,False
2026-07-21T19:34:00+00:00,SCHW,100.26,HOLD,0.708,"[HOLD conf=0.71] ORB=SELL(0.76), VWAP=SELL(0.69), EMA=SELL(0.65) [VETOED: long_only mode]",,,,,,False
2026-07-21T19:34:00+00:00,KO,82.14,HOLD,0.538,"[HOLD conf=0.54] ORB=BUY(0.51), VWAP=BUY(0.62), EMA=BUY(0.47)",,,,,,False
2026-07-21T19:34:00+00:00,META,647.06,HOLD,0.115,"[HOLD conf=0.12] ORB=HOLD(0.00), VWAP=SELL(0.65), EMA=BUY(0.45) [VETOED: long_only mode]",,,,,,False
2026-07-21T19:34:00+00:00,TSLA,377.47,HOLD,0.37,"[HOLD conf=0.37] ORB=HOLD(0.00), VWAP=SELL(0.63), EMA=SELL(0.60) [VETOED: long_only mode]",,,,,,False
2026-07-21T19:34:00+00:00,XOM,151.11,HOLD,0.641,"[HOLD conf=0.64] ORB=BUY(0.72), VWAP=BUY(0.68), EMA=BUY(0.46)",,,,,,False
2026-07-21T19:34:00+00:00,MDLZ,59.87,HOLD,0.354,"[HOLD conf=0.35] ORB=HOLD(0.00), VWAP=BUY(0.67), EMA=BUY(0.48)",,,,,,False
2026-07-21T19:34:00+00:00,FAST,44.805,HOLD,0.347,"[HOLD conf=0.35] ORB=HOLD(0.00), VWAP=BUY(0.67), EMA=BUY(0.45)",,,,,,False
2026-07-21T19:34:00+00:00,WMT,110.62,HOLD,0.312,"[HOLD conf=0.31] ORB=SELL(0.51), VWAP=SELL(0.65), EMA=BUY(0.48) [VETOED: long_only mode]",,,,,,False
2026-07-21T19:34:00+00:00,FCX,62.41,HOLD,0.079,"[HOLD conf=0.08] ORB=BUY(0.66), VWAP=SELL(0.68), EMA=SELL(0.42) [VETOED: long_only mode]",,,,,,False
2026-07-21T19:34:00+00:00,PYPL,55.855,HOLD,0.112,"[HOLD conf=0.11] ORB=HOLD(0.00), VWAP=SELL(0.65), EMA=BUY(0.46) [VETOED: long_only mode]",,,,,,False
2026-07-21T19:34:00+00:00,AMD,541.21,HOLD,0.363,"[HOLD conf=0.36] ORB=BUY(0.64), VWAP=BUY(0.62), EMA=SELL(0.44)",,,,,,False
2026-07-21T19:34:00+00:00,GOOGL,349.21,HOLD,0.279,"[HOLD conf=0.28] ORB=HOLD(0.00), VWAP=BUY(0.49), EMA=BUY(0.43)",,,,,,False
2026-07-21T19:34:00+00:00,ABT,99.475,HOLD,0.195,"[HOLD conf=0.20] ORB=SELL(0.62), VWAP=BUY(0.58), EMA=SELL(0.60) [VETOED: long_only mode]",,,,,,False
2026-07-21T19:34:00+00:00,LRCX,321.67,HOLD,0.292,"[HOLD conf=0.29] ORB=HOLD(0.00), VWAP=BUY(0.54), EMA=BUY(0.41)",,,,,,False
2026-07-21T19:34:00+00:00,MU,967.47,HOLD,0.35,"[HOLD conf=0.35] ORB=BUY(0.74), VWAP=BUY(0.59), EMA=SELL(0.61)",,,,,,False
2026-07-21T19:39:00+00:00,AMD,541.965,HOLD,0.378,"[HOLD conf=0.38] ORB=BUY(0.66), VWAP=BUY(0.64), EMA=SELL(0.44)",,,,,,False
2026-07-21T19:39:00+00:00,GOOGL,349.27,HOLD,0.282,"[HOLD conf=0.28] ORB=HOLD(0.00), VWAP=BUY(0.50), EMA=BUY(0.43)",,,,,,False
2026-07-21T19:39:00+00:00,AMZN,247.45,HOLD,0.314,"[HOLD conf=0.31] ORB=HOLD(0.00), VWAP=SELL(0.56), EMA=SELL(0.47) [VETOED: long_only mode]",,,,,,False
2026-07-21T19:39:00+00:00,MU,969.41,HOLD,0.375,"[HOLD conf=0.38] ORB=BUY(0.76), VWAP=BUY(0.61), EMA=SELL(0.57)",,,,,,False
2026-07-21T19:39:00+00:00,FCX,62.48,HOLD,0.097,"[HOLD conf=0.10] ORB=BUY(0.68), VWAP=SELL(0.77), EMA=SELL(0.40) [VETOED: long_only mode]",,,,,,False
2026-07-21T19:39:00+00:00,MDLZ,59.885,HOLD,0.356,"[HOLD conf=0.36] ORB=HOLD(0.00), VWAP=BUY(0.68), EMA=BUY(0.47)",,,,,,False
2026-07-21T19:39:00+00:00,ABT,99.47,HOLD,0.284,"[HOLD conf=0.28] ORB=SELL(0.83), VWAP=BUY(0.56), EMA=SELL(0.59) [VETOED: long_only mode]",,,,,,False
2026-07-21T19:39:00+00:00,PYPL,55.795,HOLD,0.104,"[HOLD conf=0.10] ORB=HOLD(0.00), VWAP=SELL(0.62), EMA=BUY(0.45) [VETOED: long_only mode]",,,,,,False
2026-07-21T19:39:00+00:00,KO,82.195,HOLD,0.648,"[HOLD conf=0.65] ORB=BUY(0.73), VWAP=BUY(0.69), EMA=BUY(0.46)",,,,,,False
2026-07-21T19:39:00+00:00,XOM,151.2,HOLD,0.135,"[HOLD conf=0.14] ORB=BUY(0.54), VWAP=SELL(0.56), EMA=BUY(0.46)",,,,,,False
2026-07-21T19:39:00+00:00,TSLA,377.66,HOLD,0.361,"[HOLD conf=0.36] ORB=HOLD(0.00), VWAP=SELL(0.61), EMA=SELL(0.59) [VETOED: long_only mode]",,,,,,False
2026-07-21T19:39:00+00:00,WMT,110.58,HOLD,0.269,"[HOLD conf=0.27] ORB=SELL(0.52), VWAP=SELL(0.51), EMA=BUY(0.47) [VETOED: long_only mode]",,,,,,False
2026-07-21T19:39:00+00:00,SCHW,100.44,HOLD,0.686,"[HOLD conf=0.69] ORB=SELL(0.74), VWAP=SELL(0.65), EMA=SELL(0.65) [VETOED: long_only mode]",,,,,,False
2026-07-21T19:39:00+00:00,MDT,82.235,HOLD,0.311,"[HOLD conf=0.31] ORB=HOLD(0.00), VWAP=SELL(0.56), EMA=SELL(0.46) [VETOED: long_only mode]",,,,,,False
2026-07-21T19:39:00+00:00,FAST,44.84,HOLD,0.065,"[HOLD conf=0.07] ORB=HOLD(0.00), VWAP=SELL(0.50), EMA=BUY(0.44) [VETOED: long_only mode]",,,,,,False
2026-07-21T19:39:00+00:00,LRCX,322.18,HOLD,0.31,"[HOLD conf=0.31] ORB=HOLD(0.00), VWAP=BUY(0.58), EMA=BUY(0.43)",,,,,,False
2026-07-21T19:39:00+00:00,CMG,33.565,HOLD,0.418,"[HOLD conf=0.42] ORB=BUY(0.71), VWAP=BUY(0.69), EMA=SELL(0.43)",,,,,,False
2026-07-21T19:39:00+00:00,META,647.34,HOLD,0.054,"[HOLD conf=0.05] ORB=HOLD(0.00), VWAP=SELL(0.46), EMA=BUY(0.43) [VETOED: long_only mode]",,,,,,False
2026-07-21T19:39:00+00:00,C,132.67,HOLD,0.274,"[HOLD conf=0.27] ORB=BUY(0.53), VWAP=BUY(0.52), EMA=SELL(0.48)",,,,,,False
2026-07-21T19:39:00+00:00,NFLX,68.165,HOLD,0.612,"[HOLD conf=0.61] ORB=BUY(0.52), VWAP=BUY(0.69), EMA=BUY(0.65)",,,,,,False
2026-07-21T19:44:00+00:00,SCHW,100.47,HOLD,0.682,"[HOLD conf=0.68] ORB=SELL(0.74), VWAP=SELL(0.64), EMA=SELL(0.65) [VETOED: long_only mode]",,,,,,False
2026-07-21T19:44:00+00:00,MDT,82.26,HOLD,0.302,"[HOLD conf=0.30] ORB=HOLD(0.00), VWAP=SELL(0.54), EMA=SELL(0.45) [VETOED: long_only mode]",,,,,,False
2026-07-21T19:44:00+00:00,AMD,541.815,HOLD,0.373,"[HOLD conf=0.37] ORB=BUY(0.65), VWAP=BUY(0.63), EMA=SELL(0.43)",,,,,,False
2026-07-21T19:44:00+00:00,TSLA,377.75,HOLD,0.355,"[HOLD conf=0.35] ORB=HOLD(0.00), VWAP=SELL(0.60), EMA=SELL(0.58) [VETOED: long_only mode]",,,,,,False
2026-07-21T19:44:00+00:00,META,648.35,HOLD,0.337,"[HOLD conf=0.34] ORB=HOLD(0.00), VWAP=BUY(0.65), EMA=BUY(0.44)",,,,,,False
2026-07-21T19:44:00+00:00,GOOGL,349.07,HOLD,0.122,"[HOLD conf=0.12] ORB=HOLD(0.00), VWAP=SELL(0.65), EMA=BUY(0.42) [VETOED: long_only mode]",,,,,,False
2026-07-21T19:44:00+00:00,LRCX,322.525,HOLD,0.325,"[HOLD conf=0.33] ORB=HOLD(0.00), VWAP=BUY(0.60), EMA=BUY(0.46)",,,,,,False
2026-07-21T19:44:00+00:00,C,132.645,HOLD,0.27,"[HOLD conf=0.27] ORB=BUY(0.53), VWAP=BUY(0.51), EMA=SELL(0.48)",,,,,,False
2026-07-21T19:44:00+00:00,KO,82.145,HOLD,0.611,"[HOLD conf=0.61] ORB=BUY(0.71), VWAP=BUY(0.62), EMA=BUY(0.44)",,,,,,False
2026-07-21T19:44:00+00:00,MDLZ,59.89,HOLD,0.356,"[HOLD conf=0.36] ORB=HOLD(0.00), VWAP=BUY(0.68), EMA=BUY(0.47)",,,,,,False
2026-07-21T19:44:00+00:00,WMT,110.555,HOLD,0.276,"[HOLD conf=0.28] ORB=SELL(0.53), VWAP=SELL(0.52), EMA=BUY(0.47) [VETOED: long_only mode]",,,,,,False
2026-07-21T19:44:00+00:00,MU,972.565,HOLD,0.496,"[HOLD conf=0.50] ORB=BUY(1.00), VWAP=BUY(0.64), EMA=SELL(0.51)",,,,,,False
2026-07-21T19:44:00+00:00,FCX,62.555,HOLD,0.157,"[HOLD conf=0.16] ORB=BUY(0.70), VWAP=SELL(0.85), EMA=BUY(0.70)",,,,,,False
2026-07-21T19:44:00+00:00,FAST,44.86,HOLD,0.082,"[HOLD conf=0.08] ORB=HOLD(0.00), VWAP=SELL(0.55), EMA=BUY(0.44) [VETOED: long_only mode]",,,,,,False
2026-07-21T19:44:00+00:00,CMG,33.53,HOLD,0.113,"[HOLD conf=0.11] ORB=HOLD(0.00), VWAP=BUY(0.63), EMA=SELL(0.43)",,,,,,False
2026-07-21T19:44:00+00:00,PYPL,55.755,HOLD,0.124,"[HOLD conf=0.12] ORB=HOLD(0.00), VWAP=SELL(0.67), EMA=BUY(0.44) [VETOED: long_only mode]",,,,,,False
2026-07-21T19:44:00+00:00,NFLX,68.405,HOLD,0.269,"[HOLD conf=0.27] ORB=BUY(0.80), VWAP=SELL(0.61), EMA=BUY(0.65) [VETOED: RSI overbought (74.1)]",,,,,,False
2026-07-21T19:44:00+00:00,ABT,99.52,HOLD,0.208,"[HOLD conf=0.21] ORB=SELL(0.62), VWAP=BUY(0.52), EMA=SELL(0.57) [VETOED: long_only mode]",,,,,,False
2026-07-21T19:44:00+00:00,AMZN,247.48,HOLD,0.31,"[HOLD conf=0.31] ORB=HOLD(0.00), VWAP=SELL(0.55), EMA=SELL(0.47) [VETOED: long_only mode]",,,,,,False
2026-07-21T19:44:00+00:00,XOM,151.315,HOLD,0.181,"[HOLD conf=0.18] ORB=BUY(0.75), VWAP=SELL(0.67), EMA=BUY(0.46)",,,,,,False
2026-07-21T19:49:00+00:00,NFLX,68.415,HOLD,0.28,"[HOLD conf=0.28] ORB=BUY(0.80), VWAP=SELL(0.58), EMA=BUY(0.65) [VETOED: RSI overbought (76.8)]",,,,,,False
2026-07-21T19:49:00+00:00,PYPL,55.68,HOLD,0.137,"[HOLD conf=0.14] ORB=SELL(0.50), VWAP=BUY(0.67), EMA=BUY(0.41)",,,,,,False
2026-07-21T19:49:00+00:00,TSLA,377.88,HOLD,0.349,"[HOLD conf=0.35] ORB=HOLD(0.00), VWAP=SELL(0.59), EMA=SELL(0.57) [VETOED: long_only mode]",,,,,,False
2026-07-21T19:49:00+00:00,XOM,151.36,HOLD,0.177,"[HOLD conf=0.18] ORB=BUY(0.76), VWAP=SELL(0.70), EMA=BUY(0.47)",,,,,,False
2026-07-21T19:49:00+00:00,SCHW,100.62,HOLD,0.652,"[HOLD conf=0.65] ORB=SELL(0.72), VWAP=SELL(0.61), EMA=SELL(0.60) [VETOED: long_only mode]",,,,,,False
2026-07-21T19:49:00+00:00,AMZN,247.59,HOLD,0.297,"[HOLD conf=0.30] ORB=HOLD(0.00), VWAP=SELL(0.52), EMA=SELL(0.46) [VETOED: long_only mode]",,,,,,False
2026-07-21T19:49:00+00:00,AMD,541.865,HOLD,0.373,"[HOLD conf=0.37] ORB=BUY(0.65), VWAP=BUY(0.63), EMA=SELL(0.43)",,,,,,False
2026-07-21T19:49:00+00:00,FCX,62.645,HOLD,0.157,"[HOLD conf=0.16] ORB=BUY(0.92), VWAP=SELL(0.94), EMA=BUY(0.47)",,,,,,False
2026-07-21T19:49:00+00:00,KO,82.145,HOLD,0.605,"[HOLD conf=0.60] ORB=BUY(0.71), VWAP=BUY(0.61), EMA=BUY(0.43)",,,,,,False
2026-07-21T19:49:00+00:00,LRCX,323.145,HOLD,0.352,"[HOLD conf=0.35] ORB=HOLD(0.00), VWAP=BUY(0.65), EMA=BUY(0.50)",,,,,,False
2026-07-21T19:49:00+00:00,MDLZ,59.87,HOLD,0.346,"[HOLD conf=0.35] ORB=HOLD(0.00), VWAP=BUY(0.66), EMA=BUY(0.46)",,,,,,False
2026-07-21T19:49:00+00:00,C,132.585,HOLD,0.256,"[HOLD conf=0.26] ORB=BUY(0.52), VWAP=BUY(0.48), EMA=SELL(0.48)",,,,,,False
2026-07-21T19:49:00+00:00,MU,971.85,HOLD,0.502,"[HOLD conf=0.50] ORB=BUY(0.99), VWAP=BUY(0.63), EMA=SELL(0.46)",,,,,,False
2026-07-21T19:49:00+00:00,ABT,99.77,HOLD,0.588,"[HOLD conf=0.59] ORB=SELL(0.57), VWAP=SELL(0.65), EMA=SELL(0.53) [VETOED: long_only mode]",,,,,,False
2026-07-21T19:49:00+00:00,MDT,82.26,HOLD,0.299,"[HOLD conf=0.30] ORB=HOLD(0.00), VWAP=SELL(0.54), EMA=SELL(0.44) [VETOED: long_only mode]",,,,,,False
2026-07-21T19:49:00+00:00,WMT,110.525,HOLD,0.287,"[HOLD conf=0.29] ORB=SELL(0.54), VWAP=SELL(0.53), EMA=BUY(0.46) [VETOED: long_only mode]",,,,,,False
2026-07-21T19:49:00+00:00,GOOGL,348.92,HOLD,0.076,"[HOLD conf=0.08] ORB=HOLD(0.00), VWAP=SELL(0.51), EMA=BUY(0.41) [VETOED: long_only mode]",,,,,,False
2026-07-21T19:49:00+00:00,FAST,44.86,HOLD,0.079,"[HOLD conf=0.08] ORB=HOLD(0.00), VWAP=SELL(0.54), EMA=BUY(0.44) [VETOED: long_only mode]",,,,,,False
2026-07-21T19:49:00+00:00,META,647.32,HOLD,0.122,"[HOLD conf=0.12] ORB=HOLD(0.00), VWAP=SELL(0.65), EMA=BUY(0.42) [VETOED: long_only mode]",,,,,,False
2026-07-21T19:49:00+00:00,CMG,33.49,HOLD,0.089,"[HOLD conf=0.09] ORB=HOLD(0.00), VWAP=BUY(0.57), EMA=SELL(0.44)",,,,,,False
2026-07-21T19:54:00+00:00,XOM,151.38,HOLD,0.18,"[HOLD conf=0.18] ORB=BUY(0.76), VWAP=SELL(0.69), EMA=BUY(0.47)",,,,,,False
2026-07-21T19:54:00+00:00,MU,971.26,HOLD,0.499,"[HOLD conf=0.50] ORB=BUY(0.98), VWAP=BUY(0.62), EMA=SELL(0.44)",,,,,,False
2026-07-21T19:54:00+00:00,WMT,110.37,HOLD,0.411,"[HOLD conf=0.41] ORB=SELL(0.78), VWAP=SELL(0.59), EMA=BUY(0.43) [VETOED: long_only mode]",,,,,,False
2026-07-21T19:54:00+00:00,C,132.53,HOLD,0.326,"[HOLD conf=0.33] ORB=BUY(0.72), VWAP=BUY(0.46), EMA=SELL(0.49)",,,,,,False
2026-07-21T19:54:00+00:00,LRCX,322.74,HOLD,0.341,"[HOLD conf=0.34] ORB=HOLD(0.00), VWAP=BUY(0.61), EMA=BUY(0.51)",,,,,,False
2026-07-21T19:54:00+00:00,AMZN,247.27,HOLD,0.331,"[HOLD conf=0.33] ORB=HOLD(0.00), VWAP=SELL(0.61), EMA=SELL(0.47) [VETOED: long_only mode]",,,,,,False
2026-07-21T19:54:00+00:00,META,645.595,HOLD,0.04,"[HOLD conf=0.04] ORB=HOLD(0.00), VWAP=BUY(0.53), EMA=SELL(0.90) [VETOED: long_only mode]",,,,,,False
2026-07-21T19:54:00+00:00,ABT,99.665,HOLD,0.678,"[HOLD conf=0.68] ORB=SELL(0.79), VWAP=SELL(0.67), EMA=SELL(0.51) [VETOED: long_only mode]",,,,,,False
2026-07-21T19:54:00+00:00,TSLA,379.35,HOLD,0.296,"[HOLD conf=0.30] ORB=HOLD(0.00), VWAP=SELL(0.48), EMA=SELL(0.51) [VETOED: long_only mode]",,,,,,False
2026-07-21T19:54:00+00:00,CMG,33.46,HOLD,0.067,"[HOLD conf=0.07] ORB=HOLD(0.00), VWAP=BUY(0.52), EMA=SELL(0.46)",,,,,,False
2026-07-21T19:54:00+00:00,GOOGL,347.85,HOLD,0.041,"[HOLD conf=0.04] ORB=HOLD(0.00), VWAP=BUY(0.76), EMA=SELL(0.90)",,,,,,False
2026-07-21T19:54:00+00:00,NFLX,68.69,HOLD,0.277,"[HOLD conf=0.28] ORB=BUY(0.89), VWAP=SELL(0.69), EMA=BUY(0.65) [VETOED: RSI overbought (79.6)]",,,,,,False
2026-07-21T19:54:00+00:00,FCX,62.545,HOLD,0.205,"[HOLD conf=0.20] ORB=BUY(0.90), VWAP=SELL(0.78), EMA=BUY(0.47)",,,,,,False
2026-07-21T19:54:00+00:00,FAST,44.905,HOLD,0.104,"[HOLD conf=0.10] ORB=HOLD(0.00), VWAP=SELL(0.61), EMA=BUY(0.44) [VETOED: long_only mode]",,,,,,False
2026-07-21T19:54:00+00:00,MDLZ,59.855,HOLD,0.336,"[HOLD conf=0.34] ORB=HOLD(0.00), VWAP=BUY(0.64), EMA=BUY(0.45)",,,,,,False
2026-07-21T19:54:00+00:00,MDT,82.255,HOLD,0.296,"[HOLD conf=0.30] ORB=HOLD(0.00), VWAP=SELL(0.54), EMA=SELL(0.43) [VETOED: long_only mode]",,,,,,False
2026-07-21T19:54:00+00:00,PYPL,55.71,HOLD,0.296,"[HOLD conf=0.30] ORB=HOLD(0.00), VWAP=BUY(0.56), EMA=BUY(0.40)",,,,,,False
2026-07-21T19:54:00+00:00,SCHW,100.6,HOLD,0.642,"[HOLD conf=0.64] ORB=SELL(0.72), VWAP=SELL(0.61), EMA=SELL(0.56) [VETOED: long_only mode]",,,,,,False
2026-07-21T19:54:00+00:00,AMD,543.475,BUY,0.819,"[BUY conf=0.82] ORB=BUY(0.89), VWAP=BUY(0.68), EMA=BUY(0.90)",543.475,541.19,548.05,137,313.46,False
2026-07-21T19:54:00+00:00,KO,82.035,HOLD,0.26,"[HOLD conf=0.26] ORB=HOLD(0.00), VWAP=BUY(0.45), EMA=BUY(0.41)",,,,,,False
2026-07-21T19:59:00+00:00,ABT,99.68,HOLD,0.666,"[HOLD conf=0.67] ORB=SELL(0.79), VWAP=SELL(0.65), EMA=SELL(0.49) [VETOED: long_only mode]",,,,,,False
2026-07-21T19:59:00+00:00,TSLA,378.9,HOLD,0.298,"[HOLD conf=0.30] ORB=HOLD(0.00), VWAP=SELL(0.51), EMA=SELL(0.48) [VETOED: long_only mode]",,,,,,False
2026-07-21T19:59:00+00:00,AMZN,247.495,HOLD,0.303,"[HOLD conf=0.30] ORB=HOLD(0.00), VWAP=SELL(0.53), EMA=SELL(0.47) [VETOED: long_only mode]",,,,,,False
2026-07-21T19:59:00+00:00,NFLX,68.635,HOLD,0.312,"[HOLD conf=0.31] ORB=BUY(0.88), VWAP=SELL(0.58), EMA=BUY(0.65) [VETOED: RSI overbought (78.4)]",,,,,,False
2026-07-21T19:59:00+00:00,MDT,82.34,HOLD,0.273,"[HOLD conf=0.27] ORB=HOLD(0.00), VWAP=SELL(0.48), EMA=SELL(0.42) [VETOED: long_only mode]",,,,,,False
2026-07-21T19:59:00+00:00,META,643.46,HOLD,0.068,"[HOLD conf=0.07] ORB=SELL(0.70), VWAP=BUY(0.95), EMA=SELL(0.48) [VETOED: long_only mode]",,,,,,False
2026-07-21T19:59:00+00:00,KO,81.96,HOLD,0.453,"[HOLD conf=0.45] ORB=HOLD(0.00), VWAP=SELL(0.65), EMA=SELL(0.90) [VETOED: long_only mode]",,,,,,False
2026-07-21T19:59:00+00:00,MU,969.94,HOLD,0.487,"[HOLD conf=0.49] ORB=BUY(0.97), VWAP=BUY(0.59), EMA=SELL(0.43)",,,,,,False
2026-07-21T19:59:00+00:00,XOM,151.7,HOLD,0.113,"[HOLD conf=0.11] ORB=BUY(0.80), VWAP=SELL(0.95), EMA=BUY(0.50) [VETOED: RSI overbought (74.5)]",,,,,,False
2026-07-21T19:59:00+00:00,C,132.805,HOLD,0.382,"[HOLD conf=0.38] ORB=BUY(0.75), VWAP=BUY(0.57), EMA=SELL(0.47)",,,,,,False
2026-07-21T19:59:00+00:00,AMD,544.365,BUY,0.715,"[BUY conf=0.71] ORB=BUY(0.91), VWAP=BUY(0.68), EMA=BUY(0.45)",544.365,542.08,548.94,136,310.95,False
2026-07-21T19:59:00+00:00,SCHW,99.96,HOLD,0.281,"[HOLD conf=0.28] ORB=SELL(0.78), VWAP=BUY(0.51), EMA=SELL(0.59) [VETOED: long_only mode]",,,,,,False
2026-07-21T19:59:00+00:00,FAST,44.995,HOLD,0.171,"[HOLD conf=0.17] ORB=BUY(0.72), VWAP=SELL(0.67), EMA=BUY(0.47)",,,,,,False
2026-07-21T19:59:00+00:00,LRCX,322.16,HOLD,0.318,"[HOLD conf=0.32] ORB=HOLD(0.00), VWAP=BUY(0.55), EMA=BUY(0.50)",,,,,,False
2026-07-21T19:59:00+00:00,CMG,33.33,HOLD,0.357,"[HOLD conf=0.36] ORB=HOLD(0.00), VWAP=SELL(0.65), EMA=SELL(0.52) [VETOED: long_only mode]",,,,,,False
2026-07-21T19:59:00+00:00,FCX,62.52,HOLD,0.236,"[HOLD conf=0.24] ORB=BUY(0.89), VWAP=SELL(0.68), EMA=BUY(0.47)",,,,,,False
2026-07-21T19:59:00+00:00,PYPL,55.85,HOLD,0.074,"[HOLD conf=0.07] ORB=HOLD(0.00), VWAP=SELL(0.51), EMA=BUY(0.42) [VETOED: long_only mode]",,,,,,False
2026-07-21T19:59:00+00:00,MDLZ,59.85,HOLD,0.33,"[HOLD conf=0.33] ORB=HOLD(0.00), VWAP=BUY(0.62), EMA=BUY(0.45)",,,,,,False
2026-07-21T19:59:00+00:00,GOOGL,347.115,HOLD,0.088,"[HOLD conf=0.09] ORB=SELL(0.75), VWAP=BUY(0.95), EMA=SELL(0.48) [VETOED: long_only mode]",,,,,,False
2026-07-21T19:59:00+00:00,WMT,110.335,HOLD,0.42,"[HOLD conf=0.42] ORB=SELL(0.79), VWAP=SELL(0.59), EMA=BUY(0.41) [VETOED: long_only mode]",,,,,,False
